n	avg	sd	min	max	0.02	0.05	0.1	0.2	0.3	0.4	0.5	0.6	0.7	0.8	0.9	0.95	0.97
4	1.173	0.5360582	0	2	0	0	1	1	1	1	1	1	1	2	2	2	2
5	1.824	0.5131153	0	3	1	1	1	1	2	2	2	2	2	2	2	2	3
6	2.514	0.5967916	0	4	1	2	2	2	2	2	3	3	3	3	3	3	3
7	3.217	0.6150523	1	5	2	2	3	3	3	3	3	3	4	4	4	4	4
8	3.923	0.6430276	1	5	3	3	3	3	4	4	4	4	4	4	5	5	5
9	4.66	0.6594201	2	6	3	4	4	4	4	5	5	5	5	5	5	6	6
10	5.351	0.6987756	3	7	4	4	4	5	5	5	5	6	6	6	6	6	6
11	6.188	0.7315676	3	8	5	5	5	6	6	6	6	6	7	7	7	7	7
12	6.959	0.7237699	4	9	5	6	6	6	7	7	7	7	7	8	8	8	8
13	7.765	0.7670485	5	9	6	6	7	7	7	8	8	8	8	8	9	9	9
14	8.567	0.7798199	6	10	7	7	8	8	8	8	9	9	9	9	9	10	10
15	9.375	0.7502919	7	11	8	8	8	9	9	9	9	10	10	10	10	10	10
16	10.126	0.8454814	7	12	8	9	9	9	10	10	10	10	11	11	11	11	11
17	10.948	0.8037051	8	13	9	10	10	10	11	11	11	11	11	12	12	12	12
18	11.769	0.8296549	8	13	10	10	11	11	11	12	12	12	12	12	13	13	13
19	12.613	0.8413911	10	15	11	11	12	12	12	13	13	13	13	13	14	14	14
20	13.454	0.8778694	10	15	11	12	12	13	13	13	14	14	14	14	14	15	15
21	14.276	0.8417437	10	16	12	13	13	14	14	14	14	15	15	15	15	15	16
22	15.108	0.8360832	12	17	13	14	14	14	15	15	15	15	16	16	16	16	16
23	16.014	0.8570522	13	18	14	15	15	15	16	16	16	16	16	17	17	17	17
24	16.85	0.86963	14	19	15	15	16	16	16	17	17	17	17	18	18	18	18
25	17.696	0.9211039	14	20	16	16	16	17	17	18	18	18	18	18	19	19	19
26	18.552	0.9165894	15	21	16	17	17	18	18	18	19	19	19	19	20	20	20
27	19.401	0.9049961	17	22	18	18	18	19	19	19	19	20	20	20	20	21	21
28	20.3	0.9332046	17	23	18	19	19	20	20	20	20	21	21	21	21	22	22
29	21.112	0.9242891	18	23	19	20	20	20	21	21	21	21	22	22	22	22	23
30	22.007	0.9401249	19	24	20	20	21	21	22	22	22	22	23	23	23	23	23
31	22.895	0.9213164	20	25	21	21	22	22	22	23	23	23	23	24	24	24	24
32	23.713	0.9713777	20	26	21	22	22	23	23	24	24	24	24	24	25	25	25
33	24.514	0.9678537	21	27	22	23	23	24	24	24	25	25	25	25	26	26	26
34	25.505	0.9873955	21	28	23	24	24	25	25	25	26	26	26	26	27	27	27
35	26.391	0.9523791	23	29	24	25	25	26	26	26	26	27	27	27	28	28	28
36	27.248	0.9640671	24	30	25	26	26	27	27	27	27	28	28	28	28	29	29
37	28.129	1.002679	24	30	26	26	27	27	28	28	28	28	29	29	29	30	30
38	29.011	0.9929073	25	31	27	27	28	28	29	29	29	29	30	30	30	30	31
39	29.905	0.978229	26	32	28	28	29	29	29	30	30	30	30	31	31	31	31
40	30.724	0.9699303	26	34	29	29	30	30	30	31	31	31	31	31	32	32	32
41	31.705	1.010443	28	35	30	30	30	31	31	32	32	32	32	33	33	33	33
42	32.519	1.040539	29	35	30	31	31	32	32	32	33	33	33	33	34	34	34
43	33.439	1.008611	30	36	31	32	32	33	33	33	33	34	34	34	35	35	35
44	34.288	1.035436	30	37	32	32	33	34	34	34	34	35	35	35	35	36	36
45	35.228	1.018358	31	38	33	33	34	34	35	35	35	36	36	36	36	37	37
46	36.129	1.086987	32	39	34	34	35	35	36	36	36	37	37	37	37	38	38
47	36.987	1.068631	33	39	35	35	36	36	37	37	37	37	38	38	38	38	39
48	37.979	1.051506	34	40	36	36	37	37	38	38	38	38	39	39	39	40	40
49	38.73	1.087328	34	41	36	37	37	38	38	39	39	39	39	40	40	40	40
50	39.7	1.049334	36	42	37	38	38	39	39	40	40	40	40	41	41	41	41
51	40.624	1.043894	37	43	38	39	39	40	40	40	41	41	41	41	42	42	42
52	41.537	1.0676	37	44	39	40	40	41	41	41	42	42	42	42	43	43	43
53	42.444	1.08814	38	45	40	41	41	42	42	42	42	43	43	43	44	44	44
54	43.301	1.136526	39	46	41	41	42	42	43	43	43	44	44	44	45	45	45
55	44.216	1.047111	41	47	42	42	43	43	44	44	44	45	45	45	45	46	46
56	45.175	1.049512	40	47	43	43	44	44	45	45	45	46	46	46	46	47	47
57	46.059	1.122845	42	49	44	44	45	45	46	46	46	46	47	47	47	48	48
58	46.946	1.079931	43	50	45	45	46	46	46	47	47	47	48	48	48	48	49
59	47.777	1.128071	44	51	45	46	46	47	47	48	48	48	48	49	49	49	50
60	48.794	1.136158	45	52	46	47	47	48	48	49	49	49	49	50	50	50	51
61	49.685	1.120281	45	53	47	48	48	49	49	50	50	50	50	51	51	51	51
62	50.579	1.166671	46	53	48	49	49	50	50	50	51	51	51	52	52	52	53
63	51.465	1.148954	46	54	49	49	50	51	51	51	52	52	52	52	53	53	53
64	52.476	1.101198	49	55	50	51	51	52	52	52	53	53	53	53	54	54	54
65	53.318	1.159405	49	56	51	51	52	52	53	53	53	54	54	54	55	55	55
66	54.24	1.116981	49	57	52	52	53	53	54	54	54	55	55	55	56	56	56
67	55.11	1.140702	50	58	53	53	54	54	55	55	55	55	56	56	56	57	57
68	56.077	1.20188	52	59	53	54	54	55	56	56	56	56	57	57	58	58	58
69	56.903	1.119305	53	60	54	55	55	56	56	57	57	57	58	58	58	59	59
70	57.876	1.223978	52	61	55	56	56	57	57	58	58	58	59	59	59	60	60
71	58.749	1.150357	54	62	56	57	57	58	58	59	59	59	59	60	60	60	61
72	59.715	1.208816	55	62	57	58	58	59	59	59	60	60	60	61	61	61	62
73	60.626	1.164251	56	63	58	59	59	60	60	60	61	61	61	62	62	62	62
74	61.552	1.194455	57	65	59	60	60	61	61	61	62	62	62	63	63	63	63
75	62.495	1.145114	58	65	60	61	61	62	62	62	63	63	63	63	64	64	64
76	63.421	1.233402	59	66	61	61	62	62	63	63	64	64	64	64	65	65	65
77	64.295	1.147734	60	67	62	62	63	63	64	64	64	65	65	65	66	66	66
78	65.231	1.230102	61	68	62	63	64	64	65	65	65	66	66	66	67	67	67
79	66.17	1.196885	61	69	64	64	65	65	66	66	66	67	67	67	68	68	68
80	67.094	1.185145	62	70	65	65	66	66	67	67	67	67	68	68	69	69	69
81	68.008	1.263144	61	71	65	66	66	67	67	68	68	68	69	69	70	70	70
82	68.91	1.208868	63	72	66	67	67	68	68	69	69	69	70	70	70	71	71
83	69.782	1.251416	66	73	67	67	68	69	69	70	70	70	70	71	71	72	72
84	70.81	1.191352	67	74	68	69	69	70	70	71	71	71	71	72	72	73	73
85	71.75	1.223518	67	75	69	70	70	71	71	72	72	72	72	73	73	74	74
86	72.63	1.27935	67	76	70	70	71	72	72	72	73	73	73	74	74	74	75
87	73.565	1.198003	70	76	71	71	72	73	73	73	74	74	74	75	75	75	75
88	74.427	1.236204	71	78	72	72	73	73	74	74	74	75	75	75	76	76	76
89	75.314	1.281814	70	79	72	73	74	74	75	75	75	76	76	76	77	77	77
90	76.317	1.219015	72	80	74	74	75	75	76	76	76	77	77	77	78	78	78
91	77.142	1.271004	72	80	74	75	76	76	77	77	77	78	78	78	79	79	79
92	78.184	1.332636	72	82	75	76	76	77	78	78	78	79	79	79	80	80	80
93	79.112	1.218582	73	82	76	77	78	78	79	79	79	79	80	80	81	81	81
94	80.011	1.197628	76	83	77	78	78	79	80	80	80	80	81	81	81	82	82
95	80.893	1.253444	76	84	78	79	79	80	80	81	81	81	82	82	82	83	83
96	81.838	1.272547	78	85	79	80	80	81	81	82	82	82	83	83	83	84	84
97	82.845	1.243592	77	86	80	81	81	82	82	83	83	83	83	84	84	85	85
98	83.728	1.258412	79	87	81	82	82	83	83	83	84	84	84	85	85	86	86
99	84.612	1.232467	80	88	82	83	83	84	84	84	85	85	85	86	86	86	87
100	85.625	1.2775	81	89	83	83	84	85	85	85	86	86	86	87	87	88	88
101	86.581	1.234083	82	90	84	85	85	86	86	86	87	87	87	88	88	88	89
102	87.486	1.207171	83	91	85	85	86	87	87	87	88	88	88	88	89	89	89
103	88.431	1.306501	83	91	85	86	87	87	88	88	89	89	89	89	90	90	91
104	89.329	1.310907	84	93	86	87	88	88	89	89	89	90	90	90	91	91	91
105	90.23	1.286373	85	94	87	88	89	89	90	90	90	91	91	91	92	92	92
106	91.232	1.265614	86	95	88	89	90	90	91	91	91	92	92	92	93	93	93
107	92.119	1.326121	87	96	89	90	90	91	92	92	92	93	93	93	94	94	94
108	93.086	1.290065	89	97	90	91	91	92	93	93	93	93	94	94	95	95	95
109	94.053	1.299184	89	98	91	92	92	93	93	94	94	94	95	95	96	96	96
110	94.962	1.276003	90	98	92	93	93	94	94	95	95	95	96	96	96	97	97
111	95.867	1.25095	92	99	93	94	94	95	95	96	96	96	97	97	97	98	98
112	96.736	1.338692	91	100	94	94	95	96	96	97	97	97	97	98	98	99	99
113	97.709	1.264879	93	101	95	95	96	97	97	97	98	98	98	99	99	100	100
114	98.637	1.287202	94	102	96	96	97	98	98	98	99	99	99	100	100	101	101
115	99.568	1.304253	94	103	97	97	98	99	99	99	100	100	100	101	101	101	102
116	100.503	1.246413	96	103	98	98	99	100	100	100	101	101	101	102	102	102	103
117	101.495	1.335574	97	105	99	99	100	100	101	101	102	102	102	103	103	104	104
118	102.361	1.329077	98	106	99	100	101	101	102	102	102	103	103	103	104	104	105
119	103.328	1.360245	99	107	100	101	102	102	103	103	103	104	104	104	105	105	106
120	104.209	1.319492	99	107	101	102	103	103	104	104	104	105	105	105	106	106	107
121	105.278	1.317745	100	109	103	103	104	104	105	105	105	106	106	106	107	107	107
122	106.093	1.331211	102	109	103	104	104	105	106	106	106	107	107	107	108	108	108
123	107.124	1.345524	102	111	104	105	105	106	107	107	107	108	108	108	109	109	109
124	108.056	1.265886	104	112	105	106	106	107	107	108	108	108	109	109	110	110	110
125	108.95	1.352527	105	112	106	107	107	108	108	109	109	109	110	110	111	111	111
126	109.912	1.352067	105	113	107	108	108	109	109	110	110	110	111	111	112	112	112
127	110.842	1.368543	106	114	108	108	109	110	110	111	111	111	112	112	113	113	113
128	111.803	1.340891	106	115	109	110	110	111	111	112	112	112	113	113	113	114	114
129	112.707	1.416035	107	116	109	110	111	112	112	112	113	113	114	114	114	115	115
130	113.677	1.348514	109	118	111	111	112	113	113	113	114	114	114	115	115	116	116
131	114.624	1.366196	109	118	112	112	113	114	114	114	115	115	115	116	116	117	117
132	115.548	1.384056	107	120	112	113	114	114	115	115	116	116	116	117	117	118	118
133	116.487	1.372485	110	120	113	114	115	115	116	116	117	117	117	118	118	119	119
134	117.425	1.308467	112	121	115	115	116	116	117	117	117	118	118	119	119	119	120
135	118.358	1.357084	113	122	115	116	117	117	118	118	118	119	119	119	120	120	121
136	119.294	1.35107	114	124	116	117	118	118	119	119	119	120	120	120	121	121	122
137	120.141	1.330748	115	123	117	118	118	119	119	120	120	121	121	121	122	122	122
138	121.177	1.375341	117	125	118	119	119	120	121	121	121	122	122	122	123	123	124
139	122.158	1.338218	118	125	119	120	120	121	122	122	122	123	123	123	124	124	124
140	123.021	1.421471	119	127	120	121	121	122	122	123	123	123	124	124	125	125	125
141	123.984	1.409869	119	127	121	121	122	123	123	124	124	124	125	125	126	126	126
142	124.969	1.351986	120	129	122	123	123	124	124	125	125	125	126	126	127	127	127
143	125.876	1.361057	120	130	123	123	124	125	125	126	126	126	127	127	127	128	128
144	126.887	1.356492	121	130	124	125	125	126	126	127	127	127	128	128	128	129	129
145	127.781	1.366348	123	132	124	125	126	127	127	128	128	128	129	129	129	130	130
146	128.775	1.376325	124	132	126	126	127	128	128	128	129	129	130	130	130	131	131
147	129.635	1.426117	124	133	127	127	128	128	129	129	130	130	130	131	131	132	132
148	130.609	1.43603	126	134	127	128	129	129	130	130	131	131	131	132	132	133	133
149	131.535	1.354478	127	135	129	129	130	130	131	131	132	132	132	133	133	134	134
150	132.514	1.399916	128	136	129	130	131	131	132	132	133	133	133	134	134	135	135
151	133.476	1.426695	128	137	130	131	132	132	133	133	134	134	134	135	135	136	136
152	134.443	1.338859	130	138	132	132	133	133	134	134	135	135	135	136	136	136	137
153	135.331	1.404069	131	139	132	133	133	134	135	135	135	136	136	137	137	137	138
154	136.276	1.499357	130	140	133	134	134	135	136	136	136	137	137	138	138	138	139
155	137.154	1.391481	132	141	134	135	135	136	136	137	137	138	138	138	139	139	139
156	138.082	1.465409	132	142	135	136	136	137	137	138	138	139	139	139	140	140	140
157	139.087	1.43788	133	143	136	137	137	138	138	139	139	140	140	140	141	141	142
158	140.094	1.401831	135	144	137	138	138	139	139	140	140	140	141	141	142	142	143
159	140.979	1.390861	136	144	138	139	139	140	140	141	141	141	142	142	143	143	143
160	141.973	1.43678	136	145	139	140	140	141	141	142	142	142	143	143	144	144	144
161	142.795	1.419503	138	146	140	140	141	142	142	143	143	143	144	144	145	145	145
162	143.753	1.421975	137	147	141	141	142	143	143	143	144	144	145	145	145	146	146
163	144.852	1.389974	140	149	142	142	143	144	144	145	145	145	146	146	147	147	147
164	145.699	1.413647	140	150	142	143	144	145	145	145	146	146	146	147	147	148	148
165	146.725	1.419644	142	150	143	144	145	146	146	147	147	147	147	148	148	149	149
166	147.524	1.466825	142	151	144	145	146	146	147	147	148	148	148	149	149	150	150
167	148.499	1.500083	143	152	145	146	147	147	148	148	149	149	149	150	150	151	151
168	149.444	1.491673	143	153	146	147	147	148	149	149	150	150	150	151	151	152	152
169	150.414	1.429212	144	154	147	148	149	149	150	150	150	151	151	152	152	153	153
170	151.39	1.446372	146	155	148	149	149	150	151	151	151	152	152	153	153	154	154
171	152.298	1.447512	147	156	149	150	150	151	152	152	152	153	153	153	154	155	155
172	153.25	1.453827	147	157	150	151	151	152	153	153	153	154	154	154	155	155	156
173	154.211	1.508892	146	158	151	152	152	153	154	154	154	155	155	155	156	156	157
174	155.182	1.462537	150	159	152	153	153	154	155	155	155	156	156	156	157	157	158
175	156.06	1.476001	150	160	153	153	154	155	155	156	156	157	157	157	158	158	158
176	157.132	1.4679	153	161	154	155	155	156	156	157	157	158	158	158	159	159	160
177	158.117	1.423846	152	162	155	156	156	157	157	158	158	159	159	159	160	160	161
178	158.977	1.484141	152	163	156	156	157	158	158	159	159	159	160	160	161	161	161
179	159.96	1.438217	155	164	157	158	158	159	159	160	160	160	161	161	162	162	162
180	160.81	1.466305	155	165	157	158	159	160	160	161	161	161	162	162	163	163	163
181	161.87	1.388174	157	166	159	159	160	161	161	162	162	162	163	163	163	164	164
182	162.747	1.441204	158	166	160	160	161	162	162	162	163	163	164	164	165	165	165
183	163.685	1.490636	158	168	160	161	162	162	163	163	164	164	164	165	165	166	166
184	164.763	1.486284	158	168	161	162	163	164	164	165	165	165	166	166	167	167	167
185	165.706	1.468919	160	169	162	163	164	165	165	165	166	166	166	167	167	168	168
186	166.687	1.456418	161	170	163	164	165	166	166	166	167	167	167	168	168	169	169
187	167.451	1.520497	161	172	164	165	165	166	167	167	168	168	168	169	169	170	170
188	168.473	1.459247	163	172	165	166	167	167	168	168	169	169	169	170	170	171	171
189	169.439	1.407217	164	173	166	167	168	168	169	169	169	170	170	171	171	172	172
190	170.292	1.496989	165	174	167	168	168	169	170	170	170	171	171	172	172	173	173
191	171.339	1.481308	167	175	168	169	169	170	171	171	171	172	172	173	173	174	174
192	172.262	1.437854	168	176	169	170	170	171	172	172	172	173	173	173	174	175	175
193	173.249	1.49306	168	177	170	171	171	172	173	173	173	174	174	175	175	176	176
194	174.238	1.479035	169	178	171	172	172	173	174	174	174	175	175	175	176	176	177
195	175.127	1.495697	169	179	172	172	173	174	174	175	175	176	176	176	177	177	177
196	176.03	1.54515	171	180	173	173	174	175	175	176	176	176	177	177	178	178	179
197	177.084	1.489686	172	181	174	175	175	176	176	177	177	178	178	178	179	179	180
198	178.076	1.442326	173	181	175	176	176	177	177	178	178	178	179	179	180	180	181
199	178.928	1.452903	174	183	176	176	177	178	178	179	179	179	180	180	181	181	181
200	179.896	1.489094	176	184	177	177	178	179	179	180	180	180	181	181	182	182	182
201	180.863	1.546811	174	185	177	178	179	180	180	181	181	181	182	182	183	183	183
202	181.815	1.51759	176	186	178	179	180	181	181	182	182	182	183	183	184	184	184
203	182.771	1.550795	176	187	179	180	181	181	182	183	183	183	184	184	185	185	185
204	183.761	1.492014	177	188	180	181	182	183	183	184	184	184	185	185	186	186	186
205	184.647	1.484788	179	189	181	182	183	183	184	184	185	185	185	186	186	187	187
206	185.529	1.499803	179	190	182	183	184	184	185	185	186	186	186	187	187	188	188
207	186.509	1.555744	179	190	183	184	184	185	186	186	187	187	187	188	188	189	189
208	187.473	1.474939	183	191	184	185	186	186	187	187	188	188	188	189	189	190	190
209	188.376	1.538503	182	192	185	186	186	187	188	188	188	189	189	190	190	191	191
210	189.379	1.599975	184	194	186	187	187	188	189	189	189	190	190	191	191	192	192
211	190.395	1.589182	184	195	187	188	188	189	190	190	191	191	191	192	192	193	193
212	191.261	1.589152	185	195	188	189	189	190	191	191	191	192	192	193	193	194	194
213	192.198	1.538559	187	196	189	189	190	191	191	192	192	193	193	194	194	194	195
214	193.151	1.546153	186	198	190	191	191	192	192	193	193	194	194	194	195	195	196
215	194.243	1.54672	189	198	191	192	192	193	194	194	194	195	195	196	196	197	197
216	195.11	1.530439	189	199	191	192	193	194	194	195	195	196	196	196	197	197	198
217	196.003	1.553514	190	200	193	193	194	195	195	196	196	197	197	197	198	198	199
218	197.041	1.586769	191	201	194	194	195	196	196	197	197	197	198	198	199	200	200
219	197.926	1.557225	192	203	195	195	196	197	197	198	198	198	199	199	200	200	200
220	198.99	1.476509	192	203	196	196	197	198	198	199	199	199	200	200	201	201	201
221	199.946	1.562538	195	204	196	197	198	199	199	200	200	200	201	201	202	202	203
222	200.9	1.500083	195	205	198	198	199	200	200	201	201	201	202	202	203	203	203
223	201.778	1.595387	195	207	198	199	200	200	201	202	202	202	203	203	204	204	204
224	202.767	1.543079	197	207	199	200	201	202	202	202	203	203	204	204	205	205	205
225	203.715	1.595092	195	209	200	201	202	203	203	203	204	204	205	205	206	206	206
226	204.644	1.499838	198	209	201	202	203	203	204	204	205	205	205	206	206	207	207
227	205.664	1.582279	199	210	202	203	204	204	205	205	206	206	207	207	208	208	208
228	206.575	1.533208	201	211	203	204	205	205	206	206	207	207	207	208	208	209	209
229	207.57	1.545797	202	211	204	205	206	206	207	207	208	208	208	209	209	210	210
230	208.548	1.556959	202	213	205	206	207	207	208	208	209	209	209	210	210	211	211
231	209.443	1.542443	204	214	206	207	207	208	209	209	210	210	210	211	211	212	212
232	210.471	1.566401	205	214	207	208	208	209	210	210	210	211	211	212	212	213	213
233	211.414	1.580222	204	216	208	209	209	210	211	211	212	212	212	213	213	214	214
234	212.199	1.539405	207	217	209	210	210	211	211	212	212	213	213	214	214	215	215
235	213.325	1.61058	207	217	210	210	211	212	213	213	213	214	214	215	215	216	216
236	214.186	1.574129	208	218	211	212	212	213	213	214	214	215	215	216	216	217	217
237	215.073	1.608184	209	220	212	212	213	214	214	215	215	216	216	216	217	217	218
238	216.096	1.617838	211	221	213	213	214	215	215	216	216	217	217	217	218	218	219
239	217.259	1.566005	211	221	214	214	215	216	217	217	217	218	218	219	219	220	220
240	218.124	1.615932	212	222	215	215	216	217	217	218	218	219	219	220	220	221	221
241	219.069	1.567385	214	223	215	216	217	218	218	219	219	220	220	220	221	221	222
242	220.068	1.579833	214	225	217	217	218	219	219	220	220	221	221	221	222	222	223
243	220.93	1.576574	214	225	217	218	219	220	220	221	221	221	222	222	223	223	224
244	221.822	1.597143	216	226	218	219	220	221	221	222	222	222	223	223	224	224	225
245	222.85	1.605639	216	227	220	220	221	222	222	223	223	223	224	224	225	225	226
246	223.769	1.603811	218	228	220	221	222	222	223	223	224	224	225	225	226	226	227
247	224.747	1.550934	219	229	221	222	223	223	224	224	225	225	226	226	227	227	227
248	225.715	1.56532	220	230	222	223	224	224	225	225	226	226	227	227	228	228	228
249	226.682	1.624659	220	231	223	224	225	225	226	226	227	227	228	228	229	229	229
250	227.657	1.672767	220	232	224	225	225	226	227	227	228	228	229	229	230	230	230
251	228.501	1.621304	221	233	225	226	226	227	228	228	229	229	229	230	230	231	231
252	229.528	1.596172	223	234	226	227	228	228	229	229	230	230	230	231	231	232	232
253	230.464	1.610993	223	235	227	228	228	229	230	230	231	231	231	232	232	233	233
254	231.482	1.65542	224	235	228	229	229	230	231	231	232	232	232	233	233	234	234
255	232.312	1.63809	225	236	229	229	230	231	232	232	232	233	233	234	234	235	235
256	233.272	1.634836	227	237	229	230	231	232	233	233	233	234	234	235	235	236	236
257	234.43	1.633943	228	239	231	232	232	233	234	234	235	235	235	236	236	237	237
258	235.288	1.708794	229	239	231	232	233	234	235	235	235	236	236	237	237	238	238
259	236.122	1.666702	230	241	232	233	234	235	235	236	236	237	237	237	238	239	239
260	237.082	1.630317	230	241	233	234	235	236	236	237	237	238	238	238	239	240	240
261	238.295	1.548022	233	242	235	236	236	237	238	238	238	239	239	240	240	241	241
262	239.069	1.639185	233	244	235	236	237	238	238	239	239	240	240	240	241	242	242
263	240.076	1.596488	233	245	236	238	238	239	239	240	240	241	241	241	242	242	243
264	241.035	1.596974	236	245	238	238	239	240	240	241	241	242	242	242	243	243	244
265	242.01	1.591991	235	247	238	239	240	241	241	242	242	243	243	243	244	244	245
266	242.874	1.658576	236	248	239	240	241	242	242	243	243	243	244	244	245	246	246
267	243.889	1.661156	238	249	240	241	242	243	243	244	244	244	245	245	246	247	247
268	244.849	1.59648	240	249	241	242	243	244	244	244	245	245	246	246	247	247	248
269	245.799	1.597859	238	251	242	243	244	245	245	246	246	246	247	247	248	248	248
270	246.77	1.610495	241	251	243	244	245	246	246	246	247	247	248	248	249	249	249
271	247.69	1.622508	241	252	244	245	246	246	247	247	248	248	249	249	250	250	250
272	248.739	1.597946	242	253	245	246	247	248	248	248	249	249	250	250	251	251	251
273	249.692	1.640069	244	254	246	247	248	248	249	249	250	250	251	251	252	252	253
274	250.584	1.663644	245	255	247	248	248	249	250	250	251	251	252	252	253	253	253
275	251.562	1.64099	245	256	248	249	249	250	251	251	252	252	252	253	254	254	254
276	252.605	1.646112	247	257	249	250	250	251	252	252	253	253	254	254	255	255	255
277	253.648	1.550645	248	258	250	251	252	252	253	253	254	254	254	255	256	256	256
278	254.416	1.656408	248	259	251	252	252	253	254	254	255	255	255	256	256	257	257
279	255.375	1.612133	250	259	252	253	253	254	255	255	256	256	256	257	257	258	258
280	256.394	1.607279	251	262	253	254	254	255	256	256	256	257	257	258	258	259	259
281	257.284	1.663163	250	261	254	254	255	256	257	257	257	258	258	259	259	260	260
282	258.27	1.611737	252	263	255	255	256	257	257	258	258	259	259	260	260	261	261
283	259.216	1.651688	253	264	256	256	257	258	258	259	259	260	260	261	261	262	262
284	260.205	1.61232	254	265	257	257	258	259	259	260	260	261	261	262	262	263	263
285	261.168	1.632311	254	266	258	258	259	260	261	261	261	262	262	262	263	264	264
286	262.124	1.671352	257	266	258	259	260	261	261	262	262	263	263	263	264	265	265
287	263.099	1.652855	258	269	259	260	261	262	262	263	263	264	264	265	265	266	266
288	264.018	1.674658	259	269	260	261	262	263	263	264	264	264	265	265	266	267	267
289	265.001	1.682804	257	270	261	262	263	264	264	265	265	265	266	266	267	268	268
290	266.037	1.642659	260	271	262	263	264	265	265	266	266	267	267	267	268	268	269
291	266.953	1.660587	262	271	263	264	265	266	266	267	267	267	268	268	269	270	270
292	267.96	1.656244	262	273	264	265	266	267	267	268	268	268	269	269	270	270	271
293	268.904	1.697547	261	274	265	266	267	268	268	269	269	269	270	270	271	272	272
294	269.877	1.645168	264	274	266	267	268	269	269	270	270	270	271	271	272	272	273
295	270.843	1.648353	264	276	267	268	269	270	270	271	271	271	272	272	273	273	274
296	271.809	1.69097	266	276	268	269	270	270	271	271	272	272	273	273	274	274	275
297	272.753	1.680123	266	277	269	270	271	271	272	272	273	273	274	274	275	275	276
298	273.7	1.578129	267	278	270	271	272	272	273	273	274	274	275	275	276	276	276
299	274.688	1.652691	268	279	271	272	273	273	274	274	275	275	276	276	277	277	278
300	275.531	1.70703	270	281	272	273	273	274	275	275	276	276	276	277	278	278	278
301	276.655	1.695538	271	281	273	274	274	275	276	276	277	277	278	278	279	279	280
302	277.483	1.691914	272	283	274	275	275	276	277	277	278	278	278	279	280	280	280
303	278.442	1.661745	271	283	275	276	276	277	278	278	279	279	279	280	280	281	281
304	279.39	1.730576	273	284	276	276	277	278	279	279	279	280	280	281	281	282	282
305	280.277	1.741638	273	285	276	277	278	279	279	280	280	281	281	282	282	283	283
306	281.342	1.66307	275	285	278	279	279	280	281	281	281	282	282	283	283	284	284
307	282.255	1.710819	276	287	279	279	280	281	282	282	282	283	283	284	284	285	285
308	283.295	1.660341	277	288	280	280	281	282	283	283	283	284	284	285	285	286	286
309	284.18	1.685954	278	288	280	281	282	283	283	284	284	285	285	286	286	287	287
310	285.188	1.645407	279	289	282	282	283	284	284	285	285	286	286	287	287	288	288
311	286.23	1.704114	281	292	282	283	284	285	285	286	286	287	287	288	288	289	289
312	287.041	1.679327	278	292	283	284	285	286	286	287	287	288	288	288	289	290	290
313	288.032	1.742416	281	293	284	285	286	287	287	288	288	289	289	289	290	291	291
314	289.008	1.711977	283	295	285	286	287	288	288	289	289	290	290	290	291	292	292
315	290.044	1.738703	283	295	286	287	288	289	289	290	290	291	291	291	292	293	293
316	290.986	1.700204	285	296	287	288	289	289	290	291	291	292	292	292	293	293	294
317	291.906	1.662507	286	297	288	289	290	290	291	292	292	292	293	293	294	294	295
318	292.928	1.712235	286	297	289	290	291	291	292	293	293	294	294	294	295	295	296
319	293.939	1.695333	289	298	290	291	292	293	293	294	294	294	295	295	296	296	297
320	294.777	1.657715	289	299	291	292	293	293	294	294	295	295	296	296	297	297	298
321	295.733	1.7311	289	300	292	293	293	294	295	295	296	296	297	297	298	298	299
322	296.783	1.668741	292	301	293	294	295	295	296	296	297	297	298	298	299	299	300
323	297.657	1.723462	292	302	294	295	295	296	297	297	298	298	299	299	300	300	301
324	298.711	1.653546	293	304	295	296	297	297	298	298	299	299	300	300	301	301	302
325	299.631	1.725635	292	305	296	297	297	298	299	299	300	300	301	301	302	302	303
326	300.569	1.712358	293	305	297	298	298	299	300	300	301	301	301	302	303	303	304
327	301.44	1.667087	295	306	298	298	299	300	301	301	301	302	302	303	304	304	304
328	302.687	1.672073	296	307	299	300	301	301	302	302	303	303	304	304	305	305	305
329	303.591	1.64573	297	308	300	301	301	302	303	303	304	304	304	305	306	306	306
330	304.416	1.675037	299	309	301	302	302	303	304	304	304	305	305	306	307	307	307
331	305.385	1.698723	299	310	302	302	303	304	305	305	305	306	306	307	307	308	308
332	306.449	1.673978	299	311	303	304	304	305	306	306	307	307	307	308	308	309	309
333	307.32	1.764288	299	312	303	304	305	306	307	307	307	308	308	309	309	310	310
334	308.383	1.702119	302	313	305	305	306	307	308	308	308	309	309	310	310	311	311
335	309.322	1.811518	303	314	305	306	307	308	308	309	309	310	310	311	312	312	313
336	310.352	1.656152	304	315	306	307	308	309	310	310	310	311	311	312	312	313	313
337	311.2	1.762131	304	316	307	308	309	310	310	311	311	312	312	313	313	314	314
338	312.168	1.747235	305	317	308	309	310	311	311	312	312	313	313	314	314	315	315
339	313.096	1.753813	305	318	309	310	311	312	312	313	313	314	314	314	315	316	316
340	313.985	1.779872	308	318	310	311	312	313	313	314	314	315	315	316	316	317	317
341	315.136	1.772186	309	320	311	312	313	314	314	315	315	316	316	317	317	318	318
342	316.082	1.736748	308	321	312	313	314	315	315	316	316	317	317	317	318	319	319
343	317.007	1.711105	311	321	313	314	315	316	316	317	317	318	318	318	319	320	320
344	317.945	1.674748	312	322	314	315	316	317	317	318	318	319	319	319	320	320	321
345	318.874	1.800935	311	324	315	316	316	317	318	319	319	319	320	320	321	322	322
346	319.84	1.673679	314	325	316	317	318	318	319	320	320	320	321	321	322	322	322
347	320.79	1.718969	314	325	317	318	319	319	320	320	321	321	322	322	323	323	324
348	321.766	1.704743	314	326	318	319	320	320	321	321	322	322	323	323	324	324	325
349	322.771	1.798832	317	328	319	320	320	321	322	322	323	323	324	324	325	326	326
350	323.749	1.729448	318	328	320	321	322	322	323	323	324	324	325	325	326	326	327
351	324.704	1.769043	317	330	321	322	322	323	324	324	325	325	326	326	327	327	328
352	325.528	1.780558	318	330	321	323	323	324	325	325	326	326	326	327	328	328	329
353	326.674	1.846926	321	331	322	323	324	325	326	326	327	327	328	328	329	329	330
354	327.576	1.753653	320	332	324	325	325	326	327	327	328	328	328	329	330	330	331
355	328.504	1.76893	321	333	324	325	326	327	328	328	329	329	329	330	331	331	332
356	329.559	1.757728	324	335	326	326	327	328	329	329	330	330	330	331	332	332	332
357	330.448	1.676337	325	336	327	328	328	329	330	330	330	331	331	332	333	333	333
358	331.355	1.707598	325	336	327	328	329	330	331	331	331	332	332	333	333	334	334
359	332.407	1.765919	327	337	329	329	330	331	332	332	332	333	333	334	335	335	335
360	333.35	1.704231	327	339	330	331	331	332	332	333	333	334	334	335	335	336	336
361	334.279	1.730362	329	339	331	331	332	333	333	334	334	335	335	336	337	337	337
362	335.309	1.812403	328	340	331	332	333	334	334	335	335	336	336	337	337	338	338
363	336.228	1.717255	330	341	332	333	334	335	335	336	336	337	337	338	338	339	339
364	337.185	1.77593	327	342	334	334	335	336	336	337	337	338	338	339	339	340	340
365	338.161	1.782205	331	343	334	335	336	337	337	338	338	339	339	340	340	341	341
366	339.097	1.765987	333	344	335	336	337	338	338	339	339	340	340	341	341	342	342
367	340.122	1.795645	334	345	336	337	338	339	339	340	340	341	341	342	342	343	343
368	341.091	1.797206	334	347	337	338	339	340	340	341	341	342	342	342	343	344	344
369	342.035	1.716602	334	347	338	339	340	341	341	342	342	342	343	343	344	345	345
370	343.031	1.80923	336	349	339	340	341	342	342	343	343	344	344	344	345	346	346
371	343.843	1.772426	337	349	340	341	342	342	343	343	344	344	345	345	346	347	347
372	344.978	1.828896	338	350	341	342	343	344	344	345	345	346	346	346	347	348	348
373	345.966	1.766342	339	350	342	343	344	344	345	346	346	347	347	347	348	349	349
374	346.77	1.701763	340	352	343	344	345	345	346	346	347	347	348	348	349	349	350
375	347.708	1.826492	342	353	343	345	345	346	347	347	348	348	349	349	350	351	351
376	348.827	1.779392	339	354	345	346	347	347	348	348	349	349	350	350	351	352	352
377	349.763	1.766905	344	355	346	347	347	348	349	349	350	350	351	351	352	353	353
378	350.77	1.787259	345	355	347	348	348	349	350	350	351	351	352	352	353	353	354
379	351.747	1.751588	346	357	348	349	349	350	351	351	352	352	353	353	354	354	355
380	352.657	1.779471	345	357	349	350	350	351	352	352	353	353	354	354	355	355	356
381	353.675	1.708301	347	359	350	351	352	352	353	353	354	354	355	355	356	356	357
382	354.576	1.79093	349	359	350	351	352	353	354	354	355	355	356	356	357	357	358
383	355.537	1.787688	349	361	352	352	353	354	355	355	356	356	357	357	358	358	359
384	356.54	1.778641	349	361	353	353	354	355	356	356	357	357	358	358	359	359	360
385	357.557	1.914789	351	363	353	354	355	356	357	357	358	358	359	359	360	361	361
386	358.405	1.756719	352	363	355	355	356	357	358	358	359	359	359	360	361	361	361
387	359.379	1.69181	353	364	355	356	357	358	359	359	359	360	360	361	361	362	362
388	360.424	1.740475	354	365	357	357	358	359	360	360	361	361	361	362	363	363	363
389	361.289	1.777819	355	366	357	358	359	360	360	361	361	362	362	363	363	364	364
390	362.385	1.818263	356	368	358	359	360	361	362	362	362	363	363	364	365	365	366
391	363.353	1.744544	357	369	360	360	361	362	363	363	363	364	364	365	365	366	366
392	364.134	1.800357	355	369	360	361	362	363	363	364	364	365	365	366	366	367	367
393	365.207	1.872874	358	370	361	362	363	364	364	365	365	366	366	367	367	368	369
394	366.162	1.770562	359	372	362	363	364	365	365	366	366	367	367	368	368	369	369
395	367.195	1.802838	362	372	363	364	365	366	366	367	367	368	368	369	369	370	370
396	368.137	1.762196	362	373	364	365	366	367	367	368	368	369	369	370	370	371	371
397	369.018	1.801922	363	374	365	366	367	368	368	369	369	370	370	371	371	372	372
398	370.103	1.709185	364	375	366	367	368	369	369	370	370	371	371	372	372	373	373
399	371.017	1.788829	365	376	367	368	369	370	370	371	371	372	372	372	373	374	374
400	371.907	1.873996	366	377	368	369	369	370	371	372	372	372	373	373	374	375	375
401	373.084	1.770333	367	378	369	370	371	372	372	373	373	374	374	375	375	376	376
402	373.938	1.757055	368	379	370	371	372	373	373	374	374	374	375	375	376	377	377
403	374.797	1.86152	367	380	371	372	372	373	374	374	375	375	376	376	377	378	378
404	375.802	1.838526	368	382	372	373	373	374	375	375	376	376	377	377	378	379	379
405	376.796	1.869192	369	381	373	374	374	375	376	376	377	377	378	378	379	380	380
406	377.853	1.818433	372	383	374	375	375	376	377	377	378	378	379	379	380	381	381
407	378.651	1.815074	370	384	374	376	376	377	378	378	379	379	380	380	381	381	382
408	379.65	1.860904	373	385	375	376	377	378	379	379	380	380	381	381	382	383	383
409	380.74	1.854141	372	385	377	378	378	379	380	380	381	381	382	382	383	384	384
410	381.73	1.85433	376	387	378	378	379	380	381	381	382	382	383	383	384	385	385
411	382.656	1.785175	376	388	379	380	380	381	382	382	383	383	384	384	385	385	386
412	383.495	1.767229	377	388	380	380	381	382	383	383	384	384	384	385	386	386	387
413	384.586	1.785439	378	390	381	382	382	383	384	384	385	385	385	386	387	387	388
414	385.402	1.782575	379	391	382	382	383	384	384	385	385	386	386	387	388	388	389
415	386.502	1.797561	379	391	383	383	384	385	386	386	387	387	388	388	389	389	390
416	387.465	1.789966	379	392	384	384	385	386	387	387	388	388	388	389	390	390	391
417	388.429	1.833117	382	393	384	385	386	387	388	388	389	389	389	390	391	391	392
418	389.405	1.855375	383	394	385	386	387	388	388	389	389	390	390	391	392	392	393
419	390.448	1.8506	383	395	387	387	388	389	390	390	391	391	391	392	393	393	394
420	391.28	1.82124	384	396	388	388	389	390	390	391	391	392	392	393	393	394	395
421	392.309	1.827254	386	398	388	389	390	391	391	392	392	393	393	394	395	395	395
422	393.3	1.904633	385	399	389	390	391	392	392	393	393	394	394	395	396	396	397
423	394.23	1.881127	388	399	390	391	392	393	393	394	394	395	395	396	396	397	397
424	395.281	1.842127	388	400	391	392	393	394	394	395	395	396	396	397	398	398	398
425	396.209	1.801823	388	402	392	393	394	395	395	396	396	397	397	398	398	399	399
426	397.171	1.843138	390	403	393	394	395	396	396	397	397	398	398	399	399	400	400
427	398.078	1.849144	390	405	394	395	396	397	397	398	398	399	399	400	400	401	401
428	399.064	1.789723	391	404	395	396	397	398	398	399	399	400	400	400	401	402	402
429	399.983	1.862305	393	405	396	397	398	399	399	400	400	400	401	402	402	403	403
430	400.941	1.848496	394	407	397	398	399	400	400	401	401	401	402	402	403	404	404
431	401.91	1.763806	396	407	398	399	400	401	401	402	402	402	403	403	404	405	405
432	402.838	1.805274	396	408	399	400	401	401	402	402	403	403	404	404	405	406	406
433	403.9	1.874971	396	409	400	401	401	402	403	403	404	405	405	406	406	407	407
434	404.854	1.883675	397	410	401	401	402	403	404	405	405	405	406	406	407	408	408
435	405.76	1.86007	399	411	402	403	403	404	405	405	406	406	407	407	408	409	409
436	406.822	1.810965	399	414	403	404	405	405	406	406	407	407	408	408	409	410	410
437	407.797	1.89615	400	415	404	405	405	406	407	407	408	408	409	409	410	411	411
438	408.757	1.856717	402	414	404	406	406	407	408	408	409	409	410	410	411	412	412
439	409.753	1.909879	401	414	405	406	407	408	409	409	410	410	411	411	412	413	413
440	410.725	1.856562	404	417	407	407	408	409	410	410	411	411	412	412	413	413	414
441	411.658	1.77544	405	417	408	409	409	410	411	411	412	412	413	413	414	414	415
442	412.54	1.902635	406	417	408	409	410	411	412	412	413	413	414	414	415	415	416
443	413.659	1.860694	408	419	410	410	411	412	413	413	414	414	415	415	416	416	417
444	414.506	1.81363	407	420	411	411	412	413	414	414	415	415	415	416	417	417	418
445	415.586	1.853116	410	421	411	412	413	414	415	415	416	416	417	417	418	418	419
446	416.432	1.922257	410	422	412	413	414	415	416	416	417	417	417	418	419	419	420
447	417.432	1.932126	409	425	413	414	415	416	417	417	418	418	418	419	420	420	421
448	418.481	1.88127	410	424	414	415	416	417	418	418	419	419	419	420	421	421	422
449	419.367	1.934439	413	424	415	416	417	418	418	419	419	420	420	421	422	422	423
450	420.297	1.803342	412	425	416	417	418	419	420	420	420	421	421	422	423	423	423
451	421.341	1.831959	415	426	418	418	419	420	420	421	421	422	422	423	424	424	424
452	422.355	1.866671	415	427	418	419	420	421	421	422	422	423	423	424	425	425	426
453	423.224	1.885571	417	428	419	420	421	422	422	423	423	424	424	425	426	426	426
454	424.373	1.755264	418	429	421	421	422	423	423	424	424	425	425	426	427	427	427
455	425.188	1.722679	420	430	421	422	423	424	424	425	425	426	426	427	427	428	428
456	426.266	1.809563	421	431	422	423	424	425	425	426	426	427	427	428	428	429	429
457	427.107	1.803553	421	432	423	424	425	426	426	427	427	428	428	429	429	430	430
458	428.079	1.818809	422	434	424	425	426	427	427	428	428	429	429	430	430	431	431
459	429.156	1.887651	423	434	425	426	427	428	428	429	429	430	430	431	431	432	432
460	430.053	1.83945	424	435	426	427	428	429	429	430	430	431	431	432	432	433	433
461	430.959	1.838668	425	437	427	428	429	429	430	431	431	432	432	433	433	434	434
462	431.979	1.852023	426	437	428	429	430	431	431	432	432	433	433	434	434	435	435
463	432.927	1.843657	428	438	429	430	430	431	432	433	433	433	434	435	435	436	436
464	433.946	1.9429	427	441	430	430	431	432	433	434	434	435	435	436	436	437	437
465	434.899	1.881047	428	440	431	432	432	433	434	435	435	435	436	436	437	438	438
466	435.845	1.795606	429	441	432	433	434	434	435	435	436	436	437	437	438	439	439
467	436.819	1.902066	430	443	433	434	434	435	436	436	437	437	438	438	439	440	440
468	437.891	1.85811	432	442	434	435	435	436	437	438	438	438	439	439	440	441	441
469	438.66	1.863296	430	444	435	435	436	437	438	438	439	439	440	440	441	442	442
470	439.764	1.911533	431	445	436	437	437	438	439	439	440	440	441	441	442	443	443
471	440.73	1.880062	434	447	437	438	438	439	440	440	441	441	442	442	443	444	444
472	441.653	1.92933	436	447	438	438	439	440	441	441	442	442	443	443	444	445	445
473	442.698	1.960776	435	448	438	439	440	441	442	442	443	443	444	444	445	446	446
474	443.62	1.867374	437	449	440	441	441	442	443	443	444	444	445	445	446	447	447
475	444.656	1.940471	438	450	441	441	442	443	444	444	445	445	446	446	447	448	448
476	445.557	1.952066	439	451	441	442	443	444	445	445	446	446	447	447	448	448	449
477	446.409	1.90771	439	452	442	443	444	445	445	446	447	447	447	448	449	449	450
478	447.439	1.908382	439	453	443	444	445	446	447	447	448	448	448	449	450	450	451
479	448.519	1.958948	442	454	444	445	446	447	448	448	449	449	450	450	451	451	452
480	449.339	1.899918	440	454	445	446	447	448	448	449	449	450	450	451	452	452	453
481	450.393	1.941732	444	457	446	447	448	449	450	450	450	451	451	452	453	453	454
482	451.475	1.908669	445	457	447	448	449	450	451	451	452	452	453	453	454	454	455
483	452.404	1.921061	442	459	448	449	450	451	451	452	453	453	453	454	455	455	456
484	453.279	1.845688	447	458	449	450	451	452	452	453	453	454	454	455	456	456	457
485	454.288	1.922173	448	460	450	451	452	453	453	454	454	455	455	456	457	457	458
486	455.311	1.851407	448	461	451	452	453	454	454	455	455	456	456	457	458	458	458
487	456.241	1.9791	448	462	452	453	454	455	455	456	456	457	457	458	459	459	460
488	457.171	1.944618	450	462	453	454	455	456	456	457	457	458	458	459	460	460	460
489	458.005	2.038905	450	465	454	454	455	456	457	458	458	459	459	460	460	461	462
490	459.162	1.917664	451	464	455	456	457	458	458	459	459	460	460	461	462	462	463
491	460.086	1.918928	453	465	456	457	457	458	459	460	460	461	461	462	462	463	463
492	461.016	1.861507	455	467	457	458	459	459	460	461	461	462	462	463	463	464	464
493	461.971	1.895191	455	467	458	459	460	460	461	462	462	462	463	464	464	465	465
494	463.029	1.925582	455	468	459	460	461	462	462	463	463	464	464	465	465	466	466
495	464.001	1.965416	457	469	459	460	461	462	463	464	464	465	465	466	466	467	467
496	464.974	1.986774	457	471	461	462	462	463	464	465	465	465	466	467	467	468	468
497	465.874	1.916715	459	471	461	463	463	464	465	466	466	466	467	467	468	469	469
498	466.816	1.87661	460	472	463	464	464	465	466	466	467	467	468	468	469	470	470
499	467.973	1.942175	461	474	464	465	465	466	467	468	468	468	469	470	470	471	471
500	468.91	1.934332	461	474	465	466	466	467	468	469	469	469	470	471	471	472	472
501	469.812	1.951529	462	475	466	467	467	468	469	469	470	470	471	471	472	473	473
502	470.826	1.948723	464	476	466	468	468	469	470	471	471	471	472	472	473	474	474
503	471.652	1.912211	465	477	467	468	469	470	471	471	472	472	473	473	474	474	475
504	472.701	1.940455	466	479	468	469	470	471	472	472	473	473	474	474	475	476	476
505	473.602	1.879129	466	479	469	470	471	472	473	473	474	474	475	475	476	476	477
506	474.695	1.919286	468	479	470	471	472	473	474	474	475	475	476	476	477	478	478
507	475.621	1.893923	468	481	472	472	473	474	475	475	476	476	477	477	478	479	479
508	476.735	1.887416	470	484	473	474	474	475	476	476	477	477	478	478	479	480	480
509	477.59	1.925515	470	483	473	474	475	476	477	477	478	478	479	479	480	480	481
510	478.541	1.951442	472	485	474	475	476	477	478	478	479	479	480	480	481	482	482
511	479.578	1.993462	469	486	475	476	477	478	479	479	480	480	481	481	482	483	483
512	480.487	1.979836	472	486	476	477	478	479	480	480	481	481	482	482	483	483	484
513	481.373	1.930699	475	486	477	478	479	480	480	481	481	482	482	483	484	484	485
514	482.547	1.843689	474	489	479	480	480	481	482	482	483	483	484	484	485	485	486
515	483.384	1.992113	476	490	479	480	481	482	482	483	483	484	484	485	486	486	487
516	484.356	1.839197	477	492	480	481	482	483	483	484	484	485	485	486	487	487	487
517	485.366	1.866957	480	491	481	482	483	484	484	485	485	486	486	487	488	488	489
518	486.31	1.880275	480	491	482	483	484	485	485	486	486	487	487	488	489	489	490
519	487.337	1.871613	480	492	483	484	485	486	486	487	487	488	488	489	490	490	491
520	488.138	1.920584	481	493	484	485	486	487	487	488	488	489	489	490	490	491	492
521	489.175	1.989556	482	495	485	486	486	488	488	489	489	490	490	491	492	492	493
522	490.232	1.952431	483	496	486	487	488	489	489	490	490	491	491	492	493	493	494
523	491.044	1.976353	485	496	487	488	488	489	490	491	491	492	492	493	493	494	494
524	492.295	2.028322	482	498	488	489	490	491	491	492	492	493	493	494	495	495	496
525	493.167	1.934128	486	499	489	490	491	492	492	493	493	494	494	495	495	496	497
526	494.086	1.930889	486	499	490	491	492	493	493	494	494	495	495	496	496	497	498
527	494.984	1.976778	488	501	491	492	492	493	494	495	495	496	496	497	497	498	499
528	495.92	1.963022	489	502	491	493	493	494	495	496	496	496	497	497	498	499	499
529	496.882	1.894641	490	503	493	494	494	495	496	497	497	497	498	498	499	500	500
530	497.919	2.040245	491	504	493	494	495	496	497	498	498	499	499	500	500	501	501
531	498.984	1.930666	492	504	494	495	496	497	498	499	499	500	500	501	501	502	502
532	499.984	1.967133	494	506	496	497	497	498	499	500	500	501	501	502	502	503	503
533	500.77	1.984701	491	506	497	497	498	499	500	500	501	501	502	503	503	504	504
534	501.818	2.010701	493	507	497	498	499	500	501	501	502	502	503	503	504	505	505
535	502.812	1.983076	496	508	498	499	500	501	502	502	503	503	504	504	505	506	506
536	503.742	1.998858	495	510	499	500	501	502	503	503	504	504	505	505	506	507	507
537	504.785	2.021104	497	510	500	501	502	503	504	504	505	505	506	506	507	508	508
538	505.733	2.063485	499	512	501	502	503	504	505	505	506	506	507	507	508	509	509
539	506.721	1.959336	500	512	502	503	504	505	506	506	507	507	508	508	509	510	510
540	507.752	1.898447	501	513	504	505	505	506	507	507	508	508	509	509	510	511	511
541	508.717	1.954669	502	514	504	505	506	507	508	508	509	509	510	510	511	512	512
542	509.691	1.959939	502	516	505	506	507	508	509	509	510	510	511	511	512	513	513
543	510.583	1.937231	504	516	506	507	508	509	510	510	511	511	512	512	513	514	514
544	511.59	1.887183	505	517	507	508	509	510	511	511	512	512	513	513	514	515	515
545	512.617	1.976415	506	518	508	509	510	511	512	512	513	513	514	514	515	516	516
546	513.57	2.071567	507	520	509	510	511	512	513	513	514	514	515	515	516	517	517
547	514.569	1.959867	508	520	510	511	512	513	514	514	515	515	516	516	517	518	518
548	515.355	2.045766	507	522	511	512	513	514	514	515	516	516	516	517	518	518	519
549	516.464	1.925724	510	523	512	513	514	515	516	516	517	517	518	518	519	519	520
550	517.36	1.983011	510	523	513	514	515	516	516	517	517	518	518	519	520	520	521
551	518.386	2.054562	512	524	514	515	516	517	517	518	518	519	520	520	521	522	522
552	519.336	1.917493	512	526	515	516	517	518	518	519	519	520	520	521	522	522	523
553	520.368	1.901102	514	525	516	517	518	519	520	520	520	521	521	522	523	523	524
554	521.347	1.995137	514	528	517	518	519	520	520	521	521	522	522	523	524	524	525
555	522.149	1.962307	515	528	518	519	520	520	521	522	522	523	523	524	525	525	525
556	523.204	1.945294	516	529	519	520	521	522	522	523	523	524	524	525	526	526	527
557	524.231	1.902961	518	530	520	521	522	523	523	524	524	525	525	526	527	527	528
558	525.177	1.969657	517	531	521	522	523	524	524	525	525	526	526	527	527	528	529
559	526.112	1.970619	518	533	522	523	524	525	525	526	526	527	527	528	528	529	529
560	527.107	2.012859	520	533	523	524	524	525	526	527	527	528	528	529	530	530	530
561	527.993	1.994224	520	534	524	525	525	526	527	528	528	529	529	530	530	531	531
562	529.145	1.964646	520	534	525	526	527	528	528	529	529	530	530	531	532	532	533
563	529.979	1.98406	523	536	526	527	528	528	529	530	530	531	531	532	532	533	533
564	531.097	1.933217	526	536	527	528	528	529	530	531	531	532	532	533	533	534	535
565	531.911	1.913829	525	538	528	529	530	530	531	532	532	532	533	534	534	535	535
566	532.891	1.984706	526	539	528	529	530	531	532	533	533	534	534	535	535	536	536
567	533.82	1.971163	526	539	529	530	531	532	533	533	534	534	535	535	536	537	537
568	534.885	2.026297	528	541	531	531	532	533	534	534	535	535	536	537	537	538	539
569	535.836	2.003776	529	542	531	532	533	534	535	535	536	536	537	537	538	539	539
570	536.728	2.015956	530	543	532	533	534	535	536	536	537	537	538	538	539	540	540
571	537.773	2.000368	530	545	533	534	535	536	537	537	538	538	539	539	540	541	541
572	538.907	1.968305	529	545	534	536	536	537	538	539	539	540	540	540	541	542	542
573	539.732	1.880881	533	545	536	536	537	538	539	539	540	540	541	541	542	543	543
574	540.745	2.051874	534	547	536	537	538	539	540	540	541	541	542	543	543	544	544
575	541.679	1.975313	536	547	537	538	539	540	541	541	542	542	543	543	544	545	545
576	542.703	1.998696	534	549	538	539	540	541	542	542	543	543	544	544	545	546	546
577	543.654	2.141698	536	550	539	540	541	542	543	543	544	544	545	545	546	547	548
578	544.601	2.074633	536	551	540	541	542	543	544	544	545	545	546	546	547	548	548
579	545.582	1.983232	540	552	541	542	543	544	545	545	546	546	547	547	548	549	549
580	546.515	2.060102	539	553	542	543	544	545	546	546	547	547	548	548	549	550	550
581	547.533	2.004727	540	553	543	544	545	546	547	547	548	548	549	549	550	550	551
582	548.568	1.956836	541	555	544	545	546	547	548	548	549	549	550	550	551	551	552
583	549.51	1.992956	542	555	545	546	547	548	549	549	550	550	551	551	552	552	553
584	550.383	2.011058	544	557	546	547	548	549	549	550	550	551	551	552	553	553	554
585	551.45	2.056144	545	558	547	548	549	550	550	551	551	552	553	553	554	555	555
586	552.471	1.955757	545	558	548	549	550	551	552	552	553	553	553	554	555	556	556
587	553.401	1.991523	545	560	549	550	551	552	552	553	553	554	554	555	556	556	557
588	554.32	1.985332	547	560	550	551	552	553	553	554	554	555	555	556	557	557	558
589	555.323	2.044224	547	561	551	552	553	554	554	555	555	556	556	557	558	558	559
590	556.3	1.930732	548	562	552	553	554	555	555	556	556	557	557	558	559	559	560
591	557.186	1.987298	550	564	553	554	555	556	556	557	557	558	558	559	560	560	561
592	558.243	1.942092	551	566	554	555	556	557	557	558	558	559	559	560	561	561	562
593	559.156	2.010399	552	566	555	556	557	558	558	559	559	560	560	561	562	562	563
594	560.157	2.091106	553	567	555	556	557	558	559	560	560	561	561	562	563	563	564
595	561.137	1.908894	553	567	557	558	559	560	560	561	561	562	562	563	564	564	564
596	562.247	1.929174	555	567	558	559	560	561	561	562	562	563	563	564	565	565	566
597	563.041	1.985765	556	568	559	560	560	561	562	563	563	564	564	565	565	566	567
598	564.055	1.956477	558	570	560	561	561	562	563	564	564	565	565	566	566	567	567
599	564.953	2.032467	558	571	560	561	562	563	564	565	565	566	566	567	567	568	568
600	566.004	1.987444	559	571	562	563	563	564	565	566	566	567	567	568	568	569	570
601	566.894	2.014155	560	572	563	564	564	565	566	566	567	567	568	569	569	570	571
602	568.095	2.116236	559	574	563	565	565	566	567	568	568	569	569	570	571	571	572
603	568.93	2.084093	558	576	564	565	566	567	568	569	569	570	570	571	571	572	572
604	569.919	2.126726	562	576	565	566	567	568	569	569	570	571	571	572	573	573	573
605	570.827	2.057986	564	577	566	567	568	569	570	570	571	571	572	573	573	574	574
606	571.968	2.016195	564	578	568	569	569	570	571	571	572	573	573	574	574	575	576
607	572.873	2.011695	566	578	568	569	570	571	572	572	573	574	574	575	575	576	576
608	573.742	2.058561	565	579	569	570	571	572	573	573	574	574	575	575	576	577	577
609	574.793	2.106321	566	580	570	571	572	573	574	574	575	575	576	577	577	578	578
610	575.687	2.038918	567	581	571	572	573	574	575	575	576	576	577	577	578	579	579
611	576.73	2.069634	569	584	572	573	574	575	576	576	577	577	578	578	579	580	580
612	577.748	2.083468	569	584	573	574	575	576	577	577	578	578	579	580	580	581	581
613	578.562	2.05825	573	584	574	575	576	577	577	578	579	579	580	580	581	582	582
614	579.625	2.05733	572	587	575	576	577	578	579	579	580	580	581	581	582	583	583
615	580.571	2.105562	573	587	576	577	578	579	580	580	581	581	582	582	583	584	584
616	581.572	2.033458	575	588	577	578	579	580	581	581	582	582	583	583	584	585	585
617	582.484	2.047911	575	590	578	579	580	581	582	582	583	583	584	584	585	586	586
618	583.579	2.017382	577	589	579	580	581	582	583	583	584	584	585	585	586	587	587
619	584.552	2.098976	576	591	580	581	582	583	584	584	585	585	586	586	587	588	588
620	585.469	2.015714	578	591	581	582	583	584	585	585	586	586	587	587	588	589	589
621	586.52	1.984827	579	593	582	583	584	585	586	586	587	587	588	588	589	590	590
622	587.453	2.031728	578	593	583	584	585	586	586	587	588	588	588	589	590	591	591
623	588.443	2.025056	582	595	584	585	586	587	587	588	589	589	589	590	591	592	592
624	589.436	2.078033	581	595	585	586	587	588	588	589	589	590	591	591	592	593	593
625	590.242	2.088971	583	597	586	587	588	589	589	590	590	591	591	592	593	593	594
626	591.347	2.056409	584	597	587	588	589	590	590	591	591	592	592	593	594	595	595
627	592.299	2.030695	584	599	588	589	590	591	591	592	592	593	593	594	595	595	596
628	593.3	2.100098	585	598	589	590	591	592	592	593	593	594	594	595	596	597	597
629	594.125	2.129768	585	600	589	591	592	592	593	594	594	595	595	596	597	598	598
630	595.179	2.007234	586	600	591	592	592	594	594	595	595	596	596	597	598	598	599
631	596.232	2.069894	589	602	592	593	594	595	595	596	596	597	597	598	599	599	600
632	597.101	2.1079	590	603	592	593	594	595	596	597	597	598	598	599	600	600	601
633	598.225	1.986031	592	604	594	595	596	597	597	598	598	599	599	600	601	601	602
634	599.048	1.997921	591	605	595	596	597	597	598	599	599	600	600	601	601	602	603
635	600.062	2.132769	593	606	595	596	597	598	599	600	600	601	601	602	603	603	604
636	601.042	2.03725	591	606	597	598	599	599	600	601	601	602	602	603	604	604	605
637	601.94	2.111601	591	608	597	598	599	600	601	602	602	603	603	604	605	605	605
638	602.92	2.092362	597	609	598	599	600	601	602	603	603	603	604	605	606	606	607
639	603.942	2.061768	597	610	599	600	601	602	603	603	604	604	605	606	607	607	608
640	605.018	2.100974	595	611	600	601	602	603	604	605	605	606	606	607	608	608	609
641	605.998	2.06985	598	613	601	603	603	604	605	606	606	607	607	608	609	609	610
642	606.855	2.111974	600	613	603	603	604	605	606	606	607	607	608	609	609	610	611
643	607.815	2.056454	602	615	603	604	605	606	607	607	608	608	609	610	610	611	612
644	608.848	1.95159	601	616	605	605	606	607	608	608	609	609	610	610	611	612	612
645	609.884	2.025993	603	616	606	606	607	608	609	609	610	610	611	612	612	613	613
646	610.727	2.188438	602	617	606	607	608	609	610	610	611	611	612	613	613	614	614
647	611.762	2.065823	604	617	607	608	609	610	611	611	612	612	613	613	614	615	616
648	612.768	2.180121	605	619	608	609	610	611	612	612	613	613	614	615	615	616	617
649	613.742	2.003859	607	619	609	611	611	612	613	613	614	614	615	615	616	617	617
650	614.722	2.005177	606	622	610	611	612	613	614	614	615	615	616	616	617	618	618
651	615.605	2.112211	606	621	611	612	613	614	615	615	616	616	617	617	618	619	619
652	616.628	2.052762	610	623	612	613	614	615	616	616	617	617	618	618	619	620	620
653	617.512	2.067881	609	624	613	614	615	616	617	617	618	618	619	619	620	621	621
654	618.585	2.109318	611	625	614	615	616	617	618	618	619	619	620	620	621	622	622
655	619.563	2.122861	612	625	615	616	617	618	619	619	620	620	621	621	622	623	623
656	620.438	2.010522	611	627	616	617	618	619	620	620	620	621	621	622	623	623	624
657	621.5	2.150959	611	628	617	618	619	620	620	621	622	622	623	623	624	625	625
658	622.414	2.110701	615	629	618	619	620	621	621	622	623	623	624	624	625	626	626
659	623.514	2.029266	616	632	619	620	621	622	623	623	623	624	625	625	626	627	627
660	624.419	2.099487	617	631	620	621	622	623	623	624	625	625	625	626	627	628	628
661	625.365	2.062044	617	632	621	622	623	624	624	625	625	626	626	627	628	629	629
662	626.309	2.08131	619	633	622	623	624	625	625	626	626	627	627	628	629	630	630
663	627.334	2.081051	619	634	623	624	625	626	626	627	627	628	628	629	630	631	631
664	628.235	2.119025	620	636	624	625	625	626	627	628	628	629	629	630	631	631	632
665	629.282	2.050532	622	635	625	626	627	628	628	629	629	630	630	631	632	632	633
666	630.266	1.988768	624	636	626	627	628	629	629	630	630	631	631	632	633	633	634
667	631.241	2.156286	621	637	626	628	628	630	630	631	631	632	632	633	634	635	635
668	632.229	2.080117	624	639	628	629	630	630	631	632	632	633	633	634	635	635	636
669	633.105	2.080939	625	639	629	630	630	631	632	633	633	634	634	635	636	636	637
670	634.187	2.069859	626	641	629	631	632	633	633	634	634	635	635	636	637	637	638
671	635.153	2.084211	629	641	630	632	632	633	634	635	635	636	636	637	638	638	639
672	636.169	2.007603	629	642	632	633	634	635	635	636	636	637	637	638	639	639	640
673	637.089	2.069145	628	643	633	634	634	635	636	637	637	638	638	639	640	640	641
674	638.167	2.167905	630	645	633	634	635	636	637	638	638	639	639	640	641	641	642
675	638.986	2.150914	631	645	634	635	636	637	638	639	639	640	640	641	642	642	643
676	639.944	2.124942	633	646	635	636	637	638	639	639	640	641	641	642	643	643	644
677	641.012	2.169461	634	647	636	637	638	639	640	641	641	642	642	643	644	644	645
678	641.847	2.13873	633	647	637	638	639	640	641	641	642	643	643	644	645	645	645
679	642.984	2.110971	636	650	638	639	640	641	642	643	643	644	644	645	646	646	647
680	643.865	2.085455	637	649	639	640	641	642	643	643	644	644	645	646	647	647	648
681	644.885	2.114769	639	651	640	641	642	643	644	644	645	646	646	647	648	648	649
682	645.904	2.056456	638	651	642	643	643	644	645	645	646	646	647	648	648	649	650
683	646.783	2.040116	639	653	642	643	644	645	646	646	647	647	648	649	649	650	650
684	647.726	2.138106	640	654	643	644	645	646	647	647	648	648	649	650	650	651	651
685	648.815	2.069555	642	655	644	645	646	647	648	648	649	649	650	651	651	652	652
686	649.804	2.073616	642	656	645	646	647	648	649	649	650	650	651	652	652	653	654
687	650.676	2.210409	643	658	646	647	648	649	650	650	651	651	652	652	653	654	655
688	651.738	2.060486	644	658	647	648	649	650	651	651	652	652	653	654	654	655	655
689	652.707	2.115094	644	659	648	649	650	651	652	652	653	653	654	654	655	656	656
690	653.632	2.122989	647	661	649	650	651	652	653	653	654	654	655	655	656	657	657
691	654.663	2.111845	649	660	650	651	652	653	654	654	655	655	656	656	657	658	658
692	655.532	2.127323	646	661	651	652	653	654	655	655	656	656	657	657	658	659	659
693	656.522	2.134965	650	662	652	653	654	655	655	656	657	657	658	658	659	660	660
694	657.422	2.110064	650	664	653	654	655	656	656	657	658	658	659	659	660	661	661
695	658.606	2.098849	650	665	654	655	656	657	658	658	659	659	660	660	661	662	662
696	659.484	2.078958	652	665	655	656	657	658	658	659	660	660	661	661	662	663	663
697	660.535	2.082573	652	667	656	657	658	659	660	660	661	661	662	662	663	664	664
698	661.455	2.104853	655	667	657	658	659	660	660	661	661	662	662	663	664	665	665
699	662.486	2.062051	656	669	658	659	660	661	661	662	663	663	664	664	665	666	666
700	663.468	2.046745	657	669	659	660	661	662	662	663	664	664	665	665	666	667	667
701	664.425	2.041211	657	671	660	661	662	663	663	664	665	665	666	666	667	668	668
702	665.354	2.177022	658	674	661	662	662	664	664	665	666	666	667	667	668	669	669
703	666.457	2.068436	657	674	662	663	664	665	665	666	666	667	668	668	669	670	670
704	667.307	2.191245	659	675	662	663	664	666	666	667	667	668	668	669	670	671	671
705	668.355	2.106517	659	674	664	665	666	667	667	668	668	669	669	670	671	672	672
706	669.391	2.110586	661	675	665	666	667	668	668	669	669	670	671	671	672	673	673
707	670.228	2.120498	663	677	666	667	667	668	669	670	670	671	671	672	673	673	674
708	671.325	2.141953	664	677	667	667	668	670	670	671	671	672	672	673	674	675	675
709	672.085	2.121385	665	678	667	668	669	670	671	672	672	673	673	674	675	675	676
710	673.239	2.143472	666	679	669	670	670	672	672	673	673	674	674	675	676	677	677
711	674.124	2.185727	667	682	669	670	671	672	673	674	674	675	675	676	677	677	678
712	675.121	2.130469	668	682	670	672	672	673	674	675	675	676	676	677	678	678	679
713	675.965	2.199685	666	683	671	672	673	674	675	675	676	677	677	678	679	679	680
714	677.094	2.136757	668	683	672	673	674	675	676	677	677	678	678	679	680	680	681
715	678.053	2.11865	671	686	674	674	675	676	677	678	678	679	679	680	681	681	682
716	678.952	2.063481	670	685	674	676	676	677	678	679	679	680	680	681	681	682	682
717	679.924	2.133724	672	687	675	676	677	678	679	680	680	681	681	682	683	683	684
718	680.908	2.200995	674	687	676	677	678	679	680	680	681	682	682	683	684	684	685
719	681.894	2.086892	674	688	678	678	679	680	681	681	682	682	683	684	685	685	686
720	682.911	2.183082	676	689	678	679	680	681	682	682	683	684	684	685	686	686	687
721	683.963	2.03661	676	690	679	680	681	682	683	684	684	685	685	686	686	687	687
722	684.888	2.119422	679	692	680	681	682	683	684	684	685	685	686	687	688	688	689
723	685.727	2.163134	677	693	681	682	683	684	685	685	686	686	687	688	688	689	689
724	686.744	2.032386	680	692	682	683	684	685	686	686	687	687	688	688	689	690	690
725	687.743	2.142321	679	694	683	684	685	686	687	687	688	688	689	690	690	691	691
726	688.806	2.077662	680	695	684	685	686	687	688	688	689	689	690	691	691	692	693
727	689.762	2.174416	681	696	685	686	687	688	689	689	690	690	691	692	692	693	694
728	690.649	2.125162	683	696	686	687	688	689	690	690	691	691	692	692	693	694	694
729	691.639	2.20489	684	698	687	688	689	690	691	691	692	692	693	693	694	695	696
730	692.675	2.109461	684	699	688	689	690	691	692	692	693	693	694	694	695	696	696
731	693.582	2.133032	687	700	689	690	691	692	692	693	694	694	695	695	696	697	697
732	694.545	2.170411	685	703	690	691	692	693	694	694	695	695	696	696	697	698	698
733	695.583	2.16467	688	702	691	692	693	694	695	695	696	696	697	697	698	699	699
734	696.573	2.089746	689	704	692	693	694	695	696	696	697	697	698	698	699	700	700
735	697.559	2.045655	690	704	693	694	695	696	697	697	698	698	699	699	700	701	701
736	698.559	2.127686	691	705	694	695	696	697	698	698	699	699	700	700	701	702	702
737	699.343	2.182685	692	706	695	696	696	698	698	699	699	700	701	701	702	703	703
738	700.455	2.064519	693	708	696	697	698	699	699	700	700	701	702	702	703	704	704
739	701.505	2.055773	695	708	697	698	699	700	701	701	701	702	702	703	704	705	705
740	702.495	2.146295	695	708	698	699	700	701	701	702	703	703	704	704	705	706	706
741	703.457	2.042136	695	709	699	700	701	702	702	703	703	704	705	705	706	707	707
742	704.324	2.13438	697	711	700	701	702	703	703	704	704	705	705	706	707	708	708
743	705.342	2.181237	696	712	700	702	703	704	704	705	705	706	707	707	708	709	709
744	706.476	2.176272	700	714	702	703	704	705	705	706	707	707	708	708	709	710	710
745	707.264	2.151496	700	713	703	704	704	705	706	707	707	708	708	709	710	711	711
746	708.212	2.052625	702	716	704	705	706	707	707	708	708	709	709	710	711	711	712
747	709.305	2.187867	700	715	704	706	707	708	708	709	709	710	710	711	712	713	713
748	710.194	2.217946	703	716	705	706	707	708	709	710	710	711	711	712	713	714	714
749	711.389	2.159246	705	717	707	708	708	710	710	711	712	712	713	713	714	715	715
750	712.217	2.178683	703	718	707	709	709	710	711	712	712	713	713	714	715	716	716
751	713.094	2.105611	705	719	708	709	710	711	712	713	713	714	714	715	716	716	717
752	714.123	2.19287	706	722	709	710	711	712	713	714	714	715	715	716	717	717	718
753	715.122	2.058483	708	720	711	712	712	713	714	715	715	716	716	717	718	718	719
754	716.172	2.130482	708	722	712	712	713	715	715	716	716	717	717	718	719	719	720
755	716.877	2.123766	710	723	712	713	714	715	716	717	717	717	718	719	719	720	720
756	718.044	2.164428	711	724	713	714	715	716	717	718	718	719	719	720	721	721	722
757	719.077	2.050677	712	725	715	716	716	717	718	719	719	720	720	721	722	722	723
758	720.016	2.201497	712	726	715	716	717	718	719	719	720	721	721	722	723	723	724
759	720.955	2.218535	714	728	716	717	718	719	720	720	721	722	722	723	724	724	725
760	721.884	2.172387	712	728	717	718	719	720	721	721	722	722	723	724	725	725	726
761	722.838	2.286697	715	730	718	719	720	721	722	722	723	724	724	725	726	726	727
762	723.882	2.112472	716	730	719	720	721	722	723	723	724	725	725	726	726	727	728
763	724.812	2.116397	715	732	720	721	722	723	724	724	725	725	726	727	727	728	729
764	725.958	2.216562	719	732	721	722	723	724	725	725	726	727	727	728	729	730	730
765	726.776	2.201516	719	734	722	723	724	725	726	726	727	727	728	729	729	730	731
766	727.739	2.188074	719	734	723	724	725	726	727	727	728	728	729	730	731	731	731
767	728.759	2.104126	722	735	724	725	726	727	728	728	729	729	730	731	731	732	733
768	729.851	2.064234	723	735	726	726	727	728	729	729	730	730	731	732	732	733	734
769	730.911	2.140949	722	738	726	727	728	729	730	730	731	731	732	733	734	734	735
770	731.725	2.21682	724	738	727	728	729	730	731	731	732	732	733	734	734	735	736
771	732.782	2.127675	723	739	728	729	730	731	732	732	733	733	734	735	735	736	737
772	733.724	2.125639	726	741	729	730	731	732	733	733	734	734	735	736	736	737	738
773	734.777	2.12598	727	741	730	731	732	733	734	734	735	735	736	737	737	738	739
774	735.604	2.135824	729	744	731	732	733	734	735	735	736	736	737	737	738	739	739
775	736.589	2.142585	729	743	732	733	734	735	736	736	737	737	738	738	739	740	740
776	737.562	2.117224	730	744	733	734	735	736	737	737	738	738	739	739	740	741	741
777	738.335	2.211259	731	745	734	735	736	736	737	738	738	739	739	740	741	742	742
778	739.553	2.185857	732	746	735	736	737	738	738	739	740	740	741	741	742	743	743
779	740.467	2.153497	732	747	736	737	738	739	739	740	741	741	742	742	743	744	745
780	741.437	2.140236	734	749	737	738	739	740	740	741	741	742	743	743	744	745	745
781	742.386	2.294836	735	750	737	738	739	741	741	742	742	743	744	744	745	746	746
782	743.415	2.099806	735	750	739	740	741	742	742	743	743	744	745	745	746	747	747
783	744.307	2.17059	733	751	740	741	742	743	743	744	744	745	745	746	747	748	748
784	745.438	2.102517	734	752	741	742	743	744	744	745	745	746	747	747	748	749	749
785	746.313	2.231594	738	753	741	742	743	744	745	746	746	747	748	748	749	750	750
786	747.296	2.216144	739	754	742	743	745	746	746	747	747	748	748	749	750	751	751
787	748.325	2.17488	740	755	744	745	746	747	747	748	748	749	750	750	751	752	752
788	749.201	2.233739	740	756	744	745	746	747	748	749	749	750	750	751	752	753	753
789	750.375	2.176031	742	758	746	747	748	749	749	750	750	751	752	752	753	754	754
790	751.171	2.273087	742	758	746	747	748	749	750	751	751	752	752	753	754	755	755
791	752.145	2.237629	743	759	747	748	749	750	751	752	752	753	753	754	755	756	756
792	753.269	2.201701	745	759	749	749	751	751	752	753	753	754	754	755	756	757	757
793	754.272	2.135551	747	760	750	751	752	752	753	754	754	755	755	756	757	758	758
794	755.203	2.194677	748	762	750	751	752	753	754	755	755	756	756	757	758	758	759
795	756.05	2.199167	747	762	751	752	753	754	755	756	756	757	757	758	759	759	760
796	757.017	2.164578	749	763	752	753	754	755	756	757	757	758	758	759	760	760	761
797	758.048	2.197846	750	764	753	754	755	756	757	758	758	759	759	760	761	761	762
798	759.102	2.146206	752	765	754	755	756	757	758	759	759	760	760	761	762	762	763
799	760.056	2.123529	753	766	756	757	757	758	759	760	760	761	761	762	763	764	764
800	761.064	2.173621	753	767	756	758	758	759	760	761	761	762	762	763	764	764	765
801	761.854	2.196249	755	769	757	758	759	760	761	761	762	762	763	764	764	765	766
802	762.978	2.207802	755	770	758	759	760	761	762	763	763	763	764	765	766	766	767
803	763.896	2.228486	755	771	759	760	761	762	763	763	764	764	765	766	767	767	768
804	764.996	2.30419	756	772	759	761	762	763	764	765	765	766	766	767	768	768	769
805	765.992	2.194254	758	775	761	762	763	764	765	766	766	767	767	768	769	769	770
806	766.887	2.143087	758	774	762	763	764	765	766	766	767	768	768	769	769	770	771
807	767.869	2.140659	759	775	763	764	765	766	767	767	768	768	769	770	770	771	772
808	768.927	2.155532	761	775	764	765	766	767	768	769	769	770	770	771	772	772	773
809	769.95	2.209158	761	776	765	766	767	768	769	770	770	771	771	772	773	773	774
810	770.755	2.182599	761	777	766	767	768	769	770	770	771	771	772	773	773	774	774
811	771.749	2.217863	763	778	767	768	769	770	771	771	772	772	773	774	775	775	776
812	772.654	2.243952	765	779	768	769	770	771	772	772	773	773	774	775	775	776	777
813	773.76	2.253326	766	780	769	770	771	772	773	773	774	774	775	776	776	777	778
814	774.695	2.211983	767	782	770	771	772	773	774	774	775	775	776	777	777	778	779
815	775.785	2.208994	767	782	770	772	773	774	775	775	776	777	777	778	778	779	779
816	776.541	2.207984	769	783	771	773	773	775	776	776	777	777	778	778	779	780	780
817	777.641	2.188357	770	784	773	774	775	776	777	777	778	778	779	779	780	781	782
818	778.574	2.151547	770	787	774	775	776	777	777	778	779	779	780	780	781	782	782
819	779.544	2.3016	772	786	774	776	777	778	778	779	780	780	781	781	782	783	784
820	780.544	2.199296	772	787	776	777	778	779	780	780	781	781	782	782	783	784	784
821	781.425	2.237718	773	789	776	778	779	780	780	781	782	782	783	783	784	785	785
822	782.51	2.200168	774	789	778	779	780	781	781	782	783	783	784	784	785	786	786
823	783.525	2.162418	774	789	779	780	781	782	783	783	784	784	785	785	786	787	787
824	784.363	2.191354	775	791	780	781	782	783	783	784	784	785	785	786	787	788	788
825	785.369	2.267152	778	792	780	782	782	784	784	785	786	786	787	787	788	789	789
826	786.373	2.193783	776	793	782	783	783	785	785	786	786	787	788	788	789	790	790
827	787.254	2.26376	779	794	782	783	784	785	786	787	787	788	788	789	790	791	791
828	788.415	2.167827	781	794	784	785	786	787	787	788	788	789	790	790	791	792	792
829	789.48	2.197369	782	796	784	786	787	788	788	789	790	790	791	791	792	793	793
830	790.408	2.228116	782	796	786	786	788	789	789	790	791	791	792	792	793	794	794
831	791.323	2.26358	783	798	786	788	788	789	790	791	791	792	793	793	794	795	795
832	792.319	2.154967	784	799	788	789	789	790	791	792	792	793	793	794	795	796	796
833	793.19	2.251437	785	800	788	789	790	791	792	793	793	794	794	795	796	797	797
834	794.166	2.264414	786	800	790	790	791	792	793	794	794	795	795	796	797	798	798
835	795.212	2.199521	787	801	791	791	792	793	794	795	795	796	796	797	798	799	799
836	796.208	2.195805	789	803	792	793	793	794	795	796	796	797	797	798	799	800	800
837	797.191	2.219785	789	806	793	794	794	795	796	797	797	798	798	799	800	801	801
838	798.091	2.24984	788	805	793	794	795	796	797	798	798	799	799	800	801	802	802
839	799.13	2.201351	793	806	794	795	796	797	798	799	799	800	800	801	802	803	803
840	800.109	2.2009	793	806	795	796	797	798	799	800	800	801	801	802	803	804	804
841	801.134	2.223733	793	808	796	797	798	799	800	801	801	802	802	803	804	805	805
842	802.078	2.299827	795	809	797	798	799	800	801	801	802	803	803	804	805	806	806
843	803.051	2.212079	795	809	798	799	800	801	802	803	803	804	804	805	806	807	807
844	804.029	2.271413	796	811	799	800	801	802	803	803	804	805	805	806	807	808	808
845	804.979	2.290809	798	811	800	801	802	803	804	804	805	806	806	807	808	809	809
846	806.007	2.170175	798	814	801	802	803	804	805	806	806	807	807	808	809	809	810
847	806.985	2.196725	798	813	802	803	804	805	806	806	807	808	808	809	810	810	811
848	807.953	2.252968	799	816	803	804	805	806	807	807	808	809	809	810	811	812	812
849	808.95	2.332582	801	817	804	805	806	807	808	808	809	810	810	811	812	813	813
850	809.818	2.265394	801	818	805	806	807	808	809	809	810	810	811	812	813	813	814
851	810.945	2.194263	803	818	806	807	808	809	810	811	811	812	812	813	814	814	815
852	811.764	2.309033	804	820	807	808	809	810	811	811	812	812	813	814	815	815	816
853	812.757	2.353187	804	820	808	809	810	811	812	812	813	813	814	815	816	817	817
854	813.826	2.17818	807	821	809	810	811	812	813	813	814	814	815	816	817	817	818
855	814.791	2.216807	808	821	810	811	812	813	814	814	815	815	816	817	818	818	819
856	815.734	2.180826	808	822	811	812	813	814	815	815	816	816	817	818	818	819	820
857	816.759	2.212196	807	823	812	813	814	815	816	816	817	817	818	819	819	820	820
858	817.884	2.316443	811	826	813	814	815	816	817	817	818	819	819	820	821	822	822
859	818.671	2.19216	808	825	814	815	816	817	818	818	819	819	820	821	821	822	823
860	819.655	2.206546	813	825	815	816	817	818	819	819	820	820	821	822	822	823	824
861	820.71	2.190593	813	827	816	817	818	819	820	820	821	821	822	823	823	824	825
862	821.703	2.224801	813	828	817	818	819	820	821	821	822	822	823	823	824	825	826
863	822.481	2.330036	814	830	817	818	819	821	821	822	823	823	824	824	825	826	826
864	823.568	2.26462	816	831	819	820	821	822	822	823	824	824	825	825	826	827	828
865	824.417	2.136276	817	830	820	821	822	823	823	824	825	825	826	826	827	828	828
866	825.528	2.232981	817	832	821	822	823	824	824	825	826	826	827	827	828	829	830
867	826.537	2.206241	818	834	822	823	824	825	825	826	827	827	828	828	829	830	830
868	827.513	2.276184	820	835	823	824	825	826	826	827	828	828	829	829	830	831	831
869	828.417	2.189042	822	835	824	825	825	827	827	828	828	829	830	830	831	832	832
870	829.34	2.277188	822	836	825	826	826	827	828	829	829	830	831	831	832	833	833
871	830.416	2.249445	823	837	826	826	827	829	829	830	831	831	832	832	833	834	834
872	831.387	2.218593	823	838	826	828	829	830	830	831	831	832	832	833	834	835	835
873	832.398	2.219577	825	839	828	829	830	831	831	832	832	833	834	834	835	836	836
874	833.28	2.26732	826	841	828	829	830	831	832	833	833	834	834	835	836	837	837
875	834.258	2.321384	827	842	830	830	831	832	833	834	834	835	836	836	837	838	839
876	835.2	2.199281	826	841	830	831	832	833	834	835	835	836	836	837	838	839	839
877	836.274	2.195391	827	843	831	833	834	834	835	836	836	837	837	838	839	840	840
878	837.22	2.336034	829	844	832	833	834	835	836	837	837	838	839	839	840	841	841
879	838.275	2.286614	829	846	833	834	835	836	837	838	838	839	839	840	841	842	842
880	839.13	2.209068	831	846	834	835	836	837	838	839	839	840	840	841	842	842	843
881	840.179	2.143257	831	847	836	837	838	838	839	840	840	841	841	842	843	843	844
882	841.191	2.23103	833	849	837	837	838	839	840	841	841	842	842	843	844	845	845
883	842.056	2.243189	835	849	837	838	839	840	841	842	842	843	843	844	845	845	846
884	843.115	2.238031	835	849	838	839	840	841	842	843	843	844	844	845	846	847	847
885	844.096	2.334145	835	851	839	840	841	842	843	844	844	845	845	846	847	848	848
886	845.099	2.21678	837	853	840	841	842	843	844	845	845	846	846	847	848	849	849
887	846.069	2.288116	837	852	841	842	843	844	845	846	846	847	847	848	849	850	850
888	846.995	2.290026	840	854	842	843	844	845	846	846	847	848	848	849	850	851	851
889	847.971	2.220606	840	855	843	844	845	846	847	848	848	849	849	850	851	851	852
890	848.949	2.227411	841	856	844	845	846	847	848	848	849	850	850	851	852	852	853
891	849.867	2.432947	841	859	845	846	847	848	849	849	850	851	851	852	853	854	854
892	850.986	2.226378	842	858	846	847	848	849	850	850	851	852	852	853	854	854	855
893	851.868	2.289939	844	859	847	848	849	850	851	851	852	853	853	854	855	855	856
894	852.987	2.328143	845	860	848	849	850	851	852	852	853	854	854	855	856	857	857
895	853.877	2.201526	847	862	849	850	851	852	853	853	854	854	855	856	857	857	858
896	854.844	2.385656	847	862	850	851	852	853	854	854	855	856	856	857	858	859	859
897	855.697	2.300975	847	865	851	852	853	854	855	855	856	856	857	858	858	859	860
898	856.79	2.298953	848	863	852	853	854	855	856	856	857	857	858	859	860	860	861
899	857.84	2.272788	850	865	853	854	855	856	857	857	858	859	859	860	861	861	862
900	858.803	2.235887	852	866	854	855	856	857	858	858	859	859	860	861	861	862	863
901	859.711	2.327423	850	866	855	856	857	858	859	859	860	860	861	862	863	863	864
902	860.687	2.286976	853	867	856	857	858	859	860	860	861	861	862	863	864	864	865
903	861.737	2.312829	854	868	857	858	859	860	861	861	862	862	863	864	865	865	866
904	862.603	2.220883	854	871	858	859	860	861	862	862	863	863	864	864	865	866	866
905	863.697	2.248165	857	871	859	860	861	862	863	863	864	864	865	866	867	867	868
906	864.639	2.185739	857	871	860	861	862	863	864	864	865	865	866	866	867	868	869
907	865.672	2.278949	857	874	861	862	863	864	864	865	866	866	867	867	868	869	870
908	866.73	2.311805	859	874	862	863	864	865	866	866	867	867	868	869	870	870	871
909	867.636	2.290579	859	875	863	863	865	866	867	867	868	868	869	869	870	871	871
910	868.424	2.308149	857	874	864	865	865	867	867	868	869	869	870	870	871	872	873
911	869.473	2.210918	862	876	865	866	867	868	868	869	870	870	871	871	872	873	873
912	870.485	2.26294	863	877	866	867	868	869	869	870	870	871	872	872	873	874	875
913	871.436	2.264737	864	878	867	868	868	870	870	871	872	872	873	873	874	875	875
914	872.469	2.234733	865	880	868	869	869	871	871	872	873	873	874	874	875	876	876
915	873.501	2.27754	867	880	869	870	871	872	872	873	873	874	875	875	876	877	878
916	874.351	2.271334	866	882	869	870	871	873	873	874	874	875	876	876	877	878	878
917	875.418	2.257071	865	883	871	872	872	874	874	875	875	876	877	877	878	879	879
918	876.333	2.396216	868	885	871	872	873	874	875	876	876	877	878	878	879	880	881
919	877.338	2.257178	869	884	872	873	874	876	876	877	877	878	879	879	880	881	881
920	878.272	2.222376	869	885	873	875	875	876	877	878	878	879	879	880	881	882	882
921	879.228	2.197463	870	885	874	875	876	877	878	879	879	880	880	881	882	883	883
922	880.247	2.367614	872	889	875	876	877	878	879	880	880	881	881	882	883	884	884
923	881.225	2.30471	873	888	876	877	878	879	880	881	881	882	882	883	884	885	885
924	882.267	2.351434	873	891	877	878	879	880	881	882	882	883	884	884	885	886	886
925	883.151	2.305106	875	890	878	879	880	881	882	883	883	884	884	885	886	887	888
926	884.124	2.384599	875	890	879	880	881	882	883	884	884	885	885	886	887	888	888
927	885.143	2.161301	878	892	881	882	882	883	884	885	885	886	886	887	888	888	889
928	886.075	2.247315	878	894	881	882	883	884	885	886	886	887	887	888	889	889	890
929	887.009	2.290014	879	895	882	883	884	885	886	887	887	888	888	889	890	890	891
930	888.211	2.342214	878	895	883	884	885	886	887	888	888	889	889	890	891	892	892
931	889.145	2.306794	882	895	884	885	886	887	888	889	889	890	890	891	892	893	893
932	890.007	2.290021	879	897	885	886	887	888	889	890	890	891	891	892	893	894	894
933	891.09	2.216487	883	898	886	887	888	889	890	891	891	892	892	893	894	895	895
934	892.047	2.334146	884	898	887	888	889	890	891	892	892	893	893	894	895	896	896
935	892.938	2.288973	886	899	888	889	890	891	892	892	893	894	894	895	896	896	897
936	893.905	2.362532	886	902	889	890	891	892	893	893	894	895	895	896	897	897	898
937	895.014	2.29719	888	902	890	891	892	893	894	895	895	896	896	897	898	899	899
938	895.934	2.356097	886	903	891	892	893	894	895	895	896	897	897	898	899	900	900
939	896.937	2.210864	889	903	892	893	894	895	896	897	897	898	898	899	900	900	901
940	897.939	2.291403	890	904	893	894	895	896	897	897	898	899	899	900	901	902	902
941	898.956	2.335277	891	906	894	895	896	897	898	898	899	900	900	901	902	903	903
942	899.908	2.366249	891	907	895	896	897	898	899	899	900	901	901	902	903	904	904
943	900.94	2.385811	893	909	896	897	898	899	900	900	901	902	902	903	904	905	905
944	901.949	2.161266	894	908	897	898	899	900	901	901	902	903	903	904	905	905	906
945	902.858	2.253645	895	909	898	899	900	901	902	902	903	903	904	905	906	906	907
946	903.694	2.408769	895	912	898	900	901	902	903	903	904	904	905	906	907	907	908
947	904.792	2.319939	898	912	900	901	902	903	904	904	905	905	906	907	908	908	909
948	905.867	2.241056	897	912	901	902	903	904	905	905	906	907	907	908	909	909	910
949	906.592	2.324853	899	914	901	903	904	905	905	906	907	907	908	908	910	910	911
950	907.78	2.355663	898	916	903	904	905	906	907	907	908	908	909	910	911	912	912
951	908.708	2.284284	901	915	904	905	906	907	908	908	909	909	910	911	912	912	913
952	909.559	2.343077	901	916	905	906	906	908	908	909	910	910	911	912	912	913	914
953	910.604	2.363635	900	917	905	907	908	909	910	910	911	911	912	913	914	914	915
954	911.563	2.254576	904	918	906	908	909	910	910	911	912	912	913	913	914	915	915
955	912.659	2.278577	904	920	908	909	910	911	912	912	913	913	914	915	915	916	917
956	913.42	2.332604	906	919	908	909	910	911	912	913	913	914	915	915	916	917	918
957	914.443	2.37031	906	921	909	911	911	912	913	914	915	915	916	916	917	918	919
958	915.503	2.469836	905	922	911	911	912	913	914	915	916	916	917	918	919	919	920
959	916.454	2.335667	908	923	911	912	913	914	915	916	916	917	918	918	919	920	921
960	917.352	2.369749	909	924	912	913	914	915	916	917	917	918	919	919	920	921	922
961	918.469	2.366144	910	928	913	914	916	917	917	918	919	919	920	920	921	922	923
962	919.477	2.388132	912	926	915	915	916	918	918	919	920	920	921	922	922	923	924
963	920.336	2.283927	912	927	915	917	917	918	919	920	920	921	921	922	923	924	924
964	921.32	2.372178	913	930	916	917	918	919	920	921	921	922	923	923	924	925	925
965	922.277	2.326302	913	929	917	918	919	920	921	922	922	923	924	924	925	926	927
966	923.445	2.323871	915	932	918	920	920	922	922	923	923	924	925	925	926	927	928
967	924.299	2.390254	915	932	919	920	921	922	923	924	924	925	926	926	927	928	929
968	925.294	2.291029	917	932	920	922	922	923	924	925	925	926	927	927	928	929	929
969	926.293	2.318302	917	933	921	922	923	924	925	926	926	927	927	928	929	930	931
970	927.229	2.248024	919	935	922	923	925	925	926	927	927	928	928	929	930	931	931
971	928.23	2.324759	920	935	923	924	925	926	927	928	928	929	929	930	931	932	932
972	929.307	2.318648	922	938	925	925	926	927	928	929	929	930	931	931	932	933	933
973	930.18	2.411102	921	938	925	926	927	928	929	930	930	931	931	932	933	934	934
974	931.071	2.357863	924	939	926	927	928	929	930	931	931	932	932	933	934	935	935
975	932.123	2.3857	923	940	927	928	929	930	931	932	932	933	933	934	935	936	936
976	933.244	2.316426	924	940	928	929	930	931	932	933	933	934	934	935	936	937	937
977	934.176	2.247682	927	942	930	930	931	932	933	934	934	935	935	936	937	938	938
978	935.019	2.351631	927	942	930	931	932	933	934	934	935	936	936	937	938	939	939
979	935.929	2.297224	928	945	931	932	933	934	935	935	936	936	937	938	939	940	940
980	937.018	2.260705	930	945	932	933	934	935	936	936	937	938	938	939	940	941	941
981	938.032	2.31524	930	946	933	934	935	936	937	938	938	939	939	940	941	942	942
982	938.931	2.388293	931	950	934	935	936	937	938	938	939	940	940	941	942	943	943
983	940.051	2.350303	931	949	935	936	937	938	939	940	940	941	941	942	943	944	944
984	940.771	2.400067	933	947	936	937	938	939	940	940	941	941	942	943	944	945	945
985	941.917	2.337857	932	951	937	938	939	940	941	941	942	942	943	944	945	946	946
986	942.986	2.384426	933	949	938	939	940	941	942	942	943	944	944	945	946	947	947
987	943.899	2.270232	936	951	939	940	941	942	943	943	944	944	945	946	947	947	948
988	944.908	2.38185	937	952	940	941	942	943	944	944	945	946	946	947	948	949	949
989	945.744	2.339217	935	953	941	942	943	944	945	945	946	946	947	948	949	949	950
990	946.81	2.287167	940	953	942	943	944	945	946	946	947	947	948	949	950	950	951
991	947.844	2.351849	937	956	943	944	945	946	947	947	948	948	949	950	951	952	952
992	948.778	2.273298	941	956	944	945	946	947	948	948	949	949	950	951	952	952	953
993	949.729	2.331307	942	956	945	946	947	948	949	949	950	950	951	952	953	954	954
994	950.617	2.361332	942	959	945	947	948	949	949	950	951	951	952	953	953	954	955
995	951.798	2.443188	943	960	947	948	949	950	951	951	952	952	953	954	955	956	956
996	952.755	2.277314	942	960	947	949	950	951	952	952	953	953	954	955	955	956	957
997	953.609	2.287215	946	961	949	950	951	952	952	953	954	954	955	955	956	957	958
998	954.521	2.345434	946	962	950	951	952	953	953	954	955	955	956	956	957	958	959
999	955.673	2.324968	944	963	951	952	953	954	954	955	956	956	957	958	959	960	960
1000	956.551	2.391049	948	964	952	953	953	955	955	956	957	957	958	958	959	960	961
