n	avg	sd	min	max	0.02	0.05	0.1	0.2	0.3	0.4	0.5	0.6	0.7	0.8	0.9	0.95	0.97
4	1.624	0.5770242	0	2	0	1	1	1	1	2	2	2	2	2	2	2	2
5	2.648	0.6020452	0	3	1	1	2	2	3	3	3	3	3	3	3	3	3
6	3.669	0.6179165	0	4	2	2	3	3	4	4	4	4	4	4	4	4	4
7	4.682	0.615837	2	5	3	3	4	4	5	5	5	5	5	5	5	5	5
8	5.763	0.5030746	3	6	4	5	5	5	6	6	6	6	6	6	6	6	6
9	6.746	0.5174473	3	7	5	6	6	6	7	7	7	7	7	7	7	7	7
10	7.776	0.4940325	5	8	6	7	7	8	8	8	8	8	8	8	8	8	8
11	8.803	0.4673429	6	9	7	8	8	9	9	9	9	9	9	9	9	9	9
12	9.789	0.4655058	7	10	9	9	9	10	10	10	10	10	10	10	10	10	10
13	10.823	0.4357303	8	11	10	10	10	11	11	11	11	11	11	11	11	11	11
14	11.815	0.4571477	9	12	10	11	11	12	12	12	12	12	12	12	12	12	12
15	12.817	0.4332421	10	13	12	12	12	13	13	13	13	13	13	13	13	13	13
16	13.825	0.4105406	12	14	13	13	13	14	14	14	14	14	14	14	14	14	14
17	14.845	0.4088302	12	15	14	14	14	15	15	15	15	15	15	15	15	15	15
18	15.825	0.4177913	13	16	15	15	15	16	16	16	16	16	16	16	16	16	16
19	16.833	0.4114368	14	17	16	16	16	17	17	17	17	17	17	17	17	17	17
20	17.847	0.3895417	15	18	17	17	17	18	18	18	18	18	18	18	18	18	18
21	18.85	0.3763531	17	19	18	18	18	19	19	19	19	19	19	19	19	19	19
22	19.858	0.3820759	18	20	19	19	19	20	20	20	20	20	20	20	20	20	20
23	20.818	0.4393963	18	21	19	20	20	21	21	21	21	21	21	21	21	21	21
24	21.86	0.3695085	20	22	21	21	21	22	22	22	22	22	22	22	22	22	22
25	22.842	0.4064495	21	23	22	22	22	23	23	23	23	23	23	23	23	23	23
26	23.853	0.3708484	22	24	23	23	23	24	24	24	24	24	24	24	24	24	24
27	24.824	0.4209527	22	25	24	24	24	25	25	25	25	25	25	25	25	25	25
28	25.833	0.4114368	24	26	25	25	25	26	26	26	26	26	26	26	26	26	26
29	26.816	0.4453564	24	27	25	26	26	27	27	27	27	27	27	27	27	27	27
30	27.852	0.385025	25	28	27	27	27	28	28	28	28	28	28	28	28	28	28
31	28.85	0.3919868	26	29	28	28	28	29	29	29	29	29	29	29	29	29	29
32	29.87	0.3594847	27	30	29	29	29	30	30	30	30	30	30	30	30	30	30
33	30.879	0.3471015	29	31	30	30	30	31	31	31	31	31	31	31	31	31	31
34	31.846	0.3852693	30	32	31	31	31	32	32	32	32	32	32	32	32	32	32
35	32.86	0.3695085	31	33	32	32	32	33	33	33	33	33	33	33	33	33	33
36	33.858	0.3794469	32	34	33	33	33	34	34	34	34	34	34	34	34	34	34
37	34.856	0.3891213	32	35	34	34	34	35	35	35	35	35	35	35	35	35	35
38	35.858	0.3741336	34	36	35	35	35	36	36	36	36	36	36	36	36	36	36
39	36.864	0.3655648	35	37	36	36	36	37	37	37	37	37	37	37	37	37	37
40	37.844	0.4022758	36	38	37	37	37	38	38	38	38	38	38	38	38	38	38
41	38.844	0.3947402	36	39	38	38	38	39	39	39	39	39	39	39	39	39	39
42	39.834	0.4130552	37	40	39	39	39	40	40	40	40	40	40	40	40	40	40
43	40.858	0.3820759	39	41	40	40	40	41	41	41	41	41	41	41	41	41	41
44	41.857	0.3882032	39	42	41	41	41	42	42	42	42	42	42	42	42	42	42
45	42.858	0.3820759	41	43	42	42	42	43	43	43	43	43	43	43	43	43	43
46	43.872	0.3574126	42	44	43	43	43	44	44	44	44	44	44	44	44	44	44
47	44.865	0.3534118	43	45	44	44	44	45	45	45	45	45	45	45	45	45	45
48	45.879	0.3471015	44	46	45	45	45	46	46	46	46	46	46	46	46	46	46
49	46.884	0.350238	45	47	46	46	46	47	47	47	47	47	47	47	47	47	47
50	47.863	0.3665588	46	48	47	47	47	48	48	48	48	48	48	48	48	48	48
51	48.859	0.3650373	47	49	48	48	48	49	49	49	49	49	49	49	49	49	49
52	49.879	0.3499735	48	50	49	49	49	50	50	50	50	50	50	50	50	50	50
53	50.86	0.3801901	49	51	50	50	50	51	51	51	51	51	51	51	51	51	51
54	51.849	0.3928783	49	52	51	51	51	52	52	52	52	52	52	52	52	52	52
55	52.849	0.3877491	50	53	52	52	52	53	53	53	53	53	53	53	53	53	53
56	53.868	0.3587544	52	54	53	53	53	54	54	54	54	54	54	54	54	54	54
57	54.866	0.3495228	53	55	54	54	54	55	55	55	55	55	55	55	55	55	55
58	55.873	0.3535477	54	56	55	55	55	56	56	56	56	56	56	56	56	56	56
59	56.84	0.4031905	55	57	56	56	56	57	57	57	57	57	57	57	57	57	57
60	57.869	0.3577247	56	58	57	57	57	58	58	58	58	58	58	58	58	58	58
61	58.851	0.3859378	57	59	58	58	58	59	59	59	59	59	59	59	59	59	59
62	59.872	0.3738392	57	60	59	59	59	60	60	60	60	60	60	60	60	60	60
63	60.87	0.3594847	59	61	60	60	60	61	61	61	61	61	61	61	61	61	61
64	61.866	0.3607966	60	62	61	61	61	62	62	62	62	62	62	62	62	62	62
65	62.853	0.3814925	61	63	62	62	62	63	63	63	63	63	63	63	63	63	63
66	63.851	0.3754197	62	64	63	63	63	64	64	64	64	64	64	64	64	64	64
67	64.872	0.3629707	63	65	64	64	64	65	65	65	65	65	65	65	65	65	65
68	65.855	0.3822579	63	66	65	65	65	66	66	66	66	66	66	66	66	66	66
69	66.856	0.3813259	65	67	66	66	66	67	67	67	67	67	67	67	67	67	67
70	67.837	0.4007388	66	68	67	67	67	68	68	68	68	68	68	68	68	68	68
71	68.866	0.3663034	67	69	68	68	68	69	69	69	69	69	69	69	69	69	69
72	69.853	0.3762081	68	70	69	69	69	70	70	70	70	70	70	70	70	70	70
73	70.861	0.3792398	69	71	70	70	70	71	71	71	71	71	71	71	71	71	71
74	71.866	0.3607966	70	72	71	71	71	72	72	72	72	72	72	72	72	72	72
75	72.856	0.3786917	71	73	72	72	72	73	73	73	73	73	73	73	73	73	73
76	73.88	0.3460054	72	74	73	73	73	74	74	74	74	74	74	74	74	74	74
77	74.873	0.3390958	73	75	74	74	74	75	75	75	75	75	75	75	75	75	75
78	75.864	0.3710009	74	76	75	75	75	76	76	76	76	76	76	76	76	76	76
79	76.864	0.3600467	75	77	76	76	76	77	77	77	77	77	77	77	77	77	77
80	77.853	0.3969239	74	78	77	77	77	78	78	78	78	78	78	78	78	78	78
81	78.896	0.3213834	77	79	78	78	79	79	79	79	79	79	79	79	79	79	79
82	79.873	0.3390958	78	80	79	79	79	80	80	80	80	80	80	80	80	80	80
83	80.871	0.3639938	79	81	80	80	80	81	81	81	81	81	81	81	81	81	81
84	81.876	0.3474834	80	82	81	81	81	82	82	82	82	82	82	82	82	82	82
85	82.843	0.4006389	80	83	82	82	82	83	83	83	83	83	83	83	83	83	83
86	83.869	0.3687478	82	84	83	83	83	84	84	84	84	84	84	84	84	84	84
87	84.871	0.3667335	83	85	84	84	84	85	85	85	85	85	85	85	85	85	85
88	85.866	0.369026	83	86	85	85	85	86	86	86	86	86	86	86	86	86	86
89	86.861	0.3685306	85	87	86	86	86	87	87	87	87	87	87	87	87	87	87
90	87.874	0.3664127	85	88	87	87	87	88	88	88	88	88	88	88	88	88	88
91	88.866	0.3580114	87	89	88	88	88	89	89	89	89	89	89	89	89	89	89
92	89.889	0.332851	88	90	89	89	89	90	90	90	90	90	90	90	90	90	90
93	90.851	0.3859378	88	91	90	90	90	91	91	91	91	91	91	91	91	91	91
94	91.863	0.377324	90	92	91	91	91	92	92	92	92	92	92	92	92	92	92
95	92.865	0.3780449	90	93	92	92	92	93	93	93	93	93	93	93	93	93	93
96	93.867	0.3625499	92	94	93	93	93	94	94	94	94	94	94	94	94	94	94
97	94.873	0.361942	93	95	94	94	94	95	95	95	95	95	95	95	95	95	95
98	95.857	0.3750889	94	96	95	95	95	96	96	96	96	96	96	96	96	96	96
99	96.852	0.3797897	95	97	96	96	96	97	97	97	97	97	97	97	97	97	97
100	97.863	0.3582727	96	98	97	97	97	98	98	98	98	98	98	98	98	98	98
101	98.872	0.3574126	97	99	98	98	98	99	99	99	99	99	99	99	99	99	99
102	99.89	0.3493165	96	100	99	99	99	100	100	100	100	100	100	100	100	100	100
103	100.867	0.3569852	99	101	100	100	100	101	101	101	101	101	101	101	101	101	101
104	101.891	0.3394617	100	102	101	101	101	102	102	102	102	102	102	102	102	102	102
105	102.864	0.3763584	99	103	102	102	102	103	103	103	103	103	103	103	103	103	103
106	103.854	0.3644404	102	104	103	103	103	104	104	104	104	104	104	104	104	104	104
107	104.883	0.3338	103	105	104	104	104	105	105	105	105	105	105	105	105	105	105
108	105.868	0.3502837	104	106	105	105	105	106	106	106	106	106	106	106	106	106	106
109	106.877	0.3577695	104	107	106	106	106	107	107	107	107	107	107	107	107	107	107
110	107.84	0.382814	106	108	107	107	107	108	108	108	108	108	108	108	108	108	108
111	108.852	0.3876161	106	109	108	108	108	109	109	109	109	109	109	109	109	109	109
112	109.857	0.3803889	108	110	109	109	109	110	110	110	110	110	110	110	110	110	110
113	110.873	0.3449493	109	111	110	110	110	111	111	111	111	111	111	111	111	111	111
114	111.856	0.3865403	109	112	111	111	111	112	112	112	112	112	112	112	112	112	112
115	112.887	0.3410973	111	113	112	112	112	113	113	113	113	113	113	113	113	113	113
116	113.894	0.3269111	112	114	113	113	113	114	114	114	114	114	114	114	114	114	114
117	114.858	0.3794469	113	115	114	114	114	115	115	115	115	115	115	115	115	115	115
118	115.875	0.3598673	114	116	115	115	115	116	116	116	116	116	116	116	116	116	116
119	116.85	0.3682874	115	117	116	116	116	117	117	117	117	117	117	117	117	117	117
120	117.865	0.3618092	116	118	117	117	117	118	118	118	118	118	118	118	118	118	118
121	118.837	0.4202471	116	119	118	118	118	119	119	119	119	119	119	119	119	119	119
122	119.887	0.3321767	118	120	119	119	119	120	120	120	120	120	120	120	120	120	120
123	120.874	0.3524886	119	121	120	120	120	121	121	121	121	121	121	121	121	121	121
124	121.858	0.3767997	120	122	121	121	121	122	122	122	122	122	122	122	122	122	122
125	122.865	0.3727116	120	123	122	122	122	123	123	123	123	123	123	123	123	123	123
126	123.854	0.3831851	121	124	123	123	123	124	124	124	124	124	124	124	124	124	124
127	124.844	0.3997797	122	125	124	124	124	125	125	125	125	125	125	125	125	125	125
128	125.875	0.3485635	124	126	125	125	125	126	126	126	126	126	126	126	126	126	126
129	126.864	0.3682929	124	127	126	126	126	127	127	127	127	127	127	127	127	127	127
130	127.865	0.3753877	126	128	127	127	127	128	128	128	128	128	128	128	128	128	128
131	128.847	0.3895417	127	129	128	128	128	129	129	129	129	129	129	129	129	129	129
132	129.877	0.3577695	127	130	129	129	129	130	130	130	130	130	130	130	130	130	130
133	130.89	0.3376596	129	131	130	130	130	131	131	131	131	131	131	131	131	131	131
134	131.876	0.3416734	130	132	131	131	131	132	132	132	132	132	132	132	132	132	132
135	132.869	0.3632781	131	133	132	132	132	133	133	133	133	133	133	133	133	133	133
136	133.884	0.3326479	132	134	133	133	133	134	134	134	134	134	134	134	134	134	134
137	134.872	0.3684450	132	135	134	134	134	135	135	135	135	135	135	135	135	135	135
138	135.889	0.3267809	134	136	135	135	135	136	136	136	136	136	136	136	136	136	136
139	136.844	0.3921961	135	137	136	136	136	137	137	137	137	137	137	137	137	137	137
140	137.883	0.3277475	136	138	137	137	137	138	138	138	138	138	138	138	138	138	138
141	138.862	0.3675474	137	139	138	138	138	139	139	139	139	139	139	139	139	139	139
142	139.867	0.3569852	138	140	139	139	139	140	140	140	140	140	140	140	140	140	140
143	140.876	0.364358	139	141	140	140	140	141	141	141	141	141	141	141	141	141	141
144	141.862	0.3648138	140	142	141	141	141	142	142	142	142	142	142	142	142	142	142
145	142.874	0.3581232	141	143	142	142	142	143	143	143	143	143	143	143	143	143	143
146	143.913	0.3090737	141	144	143	143	144	144	144	144	144	144	144	144	144	144	144
147	144.87	0.3538718	143	145	144	144	144	145	145	145	145	145	145	145	145	145	145
148	145.89	0.3346820	144	146	145	145	145	146	146	146	146	146	146	146	146	146	146
149	146.861	0.3630576	145	147	146	146	146	147	147	147	147	147	147	147	147	147	147
150	147.884	0.3356436	145	148	147	147	147	148	148	148	148	148	148	148	148	148	148
151	148.869	0.3687478	146	149	148	148	148	149	149	149	149	149	149	149	149	149	149
152	149.852	0.3771449	148	150	149	149	149	150	150	150	150	150	150	150	150	150	150
153	150.869	0.3577247	149	151	150	150	150	151	151	151	151	151	151	151	151	151	151
154	151.872	0.3517666	150	152	151	151	151	152	152	152	152	152	152	152	152	152	152
155	152.874	0.3524886	151	153	152	152	152	153	153	153	153	153	153	153	153	153	153
156	153.885	0.3374743	152	154	153	153	153	154	154	154	154	154	154	154	154	154	154
157	154.855	0.3769842	153	155	154	154	154	155	155	155	155	155	155	155	155	155	155
158	155.889	0.3358449	154	156	155	155	155	156	156	156	156	156	156	156	156	156	156
159	156.886	0.3333393	155	157	156	156	156	157	157	157	157	157	157	157	157	157	157
160	157.885	0.3284553	156	158	157	157	157	158	158	158	158	158	158	158	158	158	158
161	158.865	0.3673008	156	159	158	158	158	159	159	159	159	159	159	159	159	159	159
162	159.863	0.3665588	158	160	159	159	159	160	160	160	160	160	160	160	160	160	160
163	160.863	0.3692795	158	161	160	160	160	161	161	161	161	161	161	161	161	161	161
164	161.85	0.3816355	160	162	161	161	161	162	162	162	162	162	162	162	162	162	162
165	162.882	0.3437938	161	163	162	162	162	163	163	163	163	163	163	163	163	163	163
166	163.889	0.3267809	162	164	163	163	163	164	164	164	164	164	164	164	164	164	164
167	164.858	0.3714485	163	165	164	164	164	165	165	165	165	165	165	165	165	165	165
168	165.875	0.3514235	163	166	165	165	165	166	166	166	166	166	166	166	166	166	166
169	166.86	0.3722077	165	167	166	166	166	167	167	167	167	167	167	167	167	167	167
170	167.881	0.3449028	166	168	167	167	167	168	168	168	168	168	168	168	168	168	168
171	168.852	0.3876161	166	169	168	168	168	169	169	169	169	169	169	169	169	169	169
172	169.881	0.3506593	168	170	169	169	169	170	170	170	170	170	170	170	170	170	170
173	170.873	0.3563678	169	171	170	170	170	171	171	171	171	171	171	171	171	171	171
174	171.867	0.3541701	170	172	171	171	171	172	172	172	172	172	172	172	172	172	172
175	172.88	0.3656962	170	173	172	172	172	173	173	173	173	173	173	173	173	173	173
176	173.867	0.3625499	172	174	173	173	173	174	174	174	174	174	174	174	174	174	174
177	174.874	0.3496373	173	175	174	174	174	175	175	175	175	175	175	175	175	175	175
178	175.878	0.3423934	174	176	175	175	175	176	176	176	176	176	176	176	176	176	176
179	176.872	0.3517666	175	177	176	176	176	177	177	177	177	177	177	177	177	177	177
180	177.88	0.3460054	176	178	177	177	177	178	178	178	178	178	178	178	178	178	178
181	178.861	0.3546897	177	179	178	178	178	179	179	179	179	179	179	179	179	179	179
182	179.873	0.3728405	178	180	179	179	179	180	180	180	180	180	180	180	180	180	180
183	180.884	0.329625	179	181	180	180	180	181	181	181	181	181	181	181	181	181	181
184	181.893	0.3219544	180	182	181	181	181	182	182	182	182	182	182	182	182	182	182
185	182.852	0.3824163	181	183	182	182	182	183	183	183	183	183	183	183	183	183	183
186	183.883	0.3367854	182	184	183	183	183	184	184	184	184	184	184	184	184	184	184
187	184.875	0.3485635	183	185	184	184	184	185	185	185	185	185	185	185	185	185	185
188	185.852	0.39019	184	186	185	185	185	186	186	186	186	186	186	186	186	186	186
189	186.866	0.369026	185	187	186	186	186	187	187	187	187	187	187	187	187	187	187
190	187.883	0.3541701	185	188	187	187	187	188	188	188	188	188	188	188	188	188	188
191	188.88	0.3460054	186	189	188	188	188	189	189	189	189	189	189	189	189	189	189
192	189.869	0.3660232	187	190	189	189	189	190	190	190	190	190	190	190	190	190	190
193	190.873	0.3563678	189	191	190	190	190	191	191	191	191	191	191	191	191	191	191
194	191.854	0.3934957	189	192	191	191	191	192	192	192	192	192	192	192	192	192	192
195	192.867	0.3569852	191	193	192	192	192	193	193	193	193	193	193	193	193	193	193
196	193.879	0.355648	192	194	193	193	193	194	194	194	194	194	194	194	194	194	194
197	194.866	0.3635604	193	195	194	194	194	195	195	195	195	195	195	195	195	195	195
198	195.878	0.3394573	194	196	195	195	195	196	196	196	196	196	196	196	196	196	196
199	196.874	0.3609075	195	197	196	196	196	197	197	197	197	197	197	197	197	197	197
200	197.877	0.3521292	196	198	197	197	197	198	198	198	198	198	198	198	198	198	198
201	198.862	0.3702608	197	199	198	198	198	199	199	199	199	199	199	199	199	199	199
202	199.875	0.3570749	197	200	199	199	199	200	200	200	200	200	200	200	200	200	200
203	200.852	0.3771449	199	201	200	200	200	201	201	201	201	201	201	201	201	201	201
204	201.879	0.3499735	200	202	201	201	201	202	202	202	202	202	202	202	202	202	202
205	202.882	0.3466932	201	203	202	202	202	203	203	203	203	203	203	203	203	203	203
206	203.898	0.3220244	202	204	203	203	204	204	204	204	204	204	204	204	204	204	204
207	204.876	0.3416734	203	205	204	204	204	205	205	205	205	205	205	205	205	205	205
208	205.865	0.3562329	204	206	205	205	205	206	206	206	206	206	206	206	206	206	206
209	206.874	0.3467625	205	207	206	206	206	207	207	207	207	207	207	207	207	207	207
210	207.873	0.3701459	205	208	207	207	207	208	208	208	208	208	208	208	208	208	208
211	208.87	0.3538718	207	209	208	208	208	209	209	209	209	209	209	209	209	209	209
212	209.872	0.3602024	208	210	209	209	209	210	210	210	210	210	210	210	210	210	210
213	210.9	0.328798	208	211	210	210	211	211	211	211	211	211	211	211	211	211	211
214	211.877	0.3492750	210	212	211	211	211	212	212	212	212	212	212	212	212	212	212
215	212.876	0.3474834	211	213	212	212	212	213	213	213	213	213	213	213	213	213	213
216	213.882	0.3379204	212	214	213	213	213	214	214	214	214	214	214	214	214	214	214
217	214.878	0.3510545	212	215	214	214	214	215	215	215	215	215	215	215	215	215	215
218	215.876	0.3503523	214	216	215	215	215	216	216	216	216	216	216	216	216	216	216
219	216.878	0.3677652	214	217	216	216	216	217	217	217	217	217	217	217	217	217	217
220	217.867	0.3653005	216	218	217	217	217	218	218	218	218	218	218	218	218	218	218
221	218.885	0.334495	217	219	218	218	218	219	219	219	219	219	219	219	219	219	219
222	219.859	0.3889348	218	220	219	219	219	220	220	220	220	220	220	220	220	220	220
223	220.871	0.3499735	219	221	220	220	220	221	221	221	221	221	221	221	221	221	221
224	221.876	0.3531979	220	222	221	221	221	222	222	222	222	222	222	222	222	222	222
225	222.881	0.3360833	221	223	222	222	222	223	223	223	223	223	223	223	223	223	223
226	223.89	0.3224965	222	224	223	223	223	224	224	224	224	224	224	224	224	224	224
227	224.876	0.364358	222	225	224	224	224	225	225	225	225	225	225	225	225	225	225
228	225.894	0.3359715	224	226	225	225	226	226	226	226	226	226	226	226	226	226	226
229	226.876	0.3503523	225	227	226	226	226	227	227	227	227	227	227	227	227	227	227
230	227.855	0.3769842	226	228	227	227	227	228	228	228	228	228	228	228	228	228	228
231	228.872	0.3517666	227	229	228	228	228	229	229	229	229	229	229	229	229	229	229
232	229.864	0.3763584	228	230	229	229	229	230	230	230	230	230	230	230	230	230	230
233	230.865	0.3618092	229	231	230	230	230	231	231	231	231	231	231	231	231	231	231
234	231.885	0.3548252	229	232	231	231	231	232	232	232	232	232	232	232	232	232	232
235	232.852	0.3876161	231	233	232	232	232	233	233	233	233	233	233	233	233	233	233
236	233.881	0.347793	232	234	233	233	233	234	234	234	234	234	234	234	234	234	234
237	234.891	0.3181513	233	235	234	234	234	235	235	235	235	235	235	235	235	235	235
238	235.849	0.3877491	234	236	235	235	235	236	236	236	236	236	236	236	236	236	236
239	236.857	0.3803889	235	237	236	236	236	237	237	237	237	237	237	237	237	237	237
240	237.865	0.3753877	235	238	237	237	237	238	238	238	238	238	238	238	238	238	238
241	238.873	0.3701459	236	239	238	238	238	239	239	239	239	239	239	239	239	239	239
242	239.865	0.3618092	238	240	239	239	239	240	240	240	240	240	240	240	240	240	240
243	240.881	0.3535024	239	241	240	240	240	241	241	241	241	241	241	241	241	241	241
244	241.89	0.3224965	240	242	241	241	241	242	242	242	242	242	242	242	242	242	242
245	242.881	0.3506593	241	243	242	242	242	243	243	243	243	243	243	243	243	243	243
246	243.874	0.3467625	242	244	243	243	243	244	244	244	244	244	244	244	244	244	244
247	244.893	0.3281138	243	245	244	244	244	245	245	245	245	245	245	245	245	245	245
248	245.862	0.3729545	244	246	245	245	245	246	246	246	246	246	246	246	246	246	246
249	246.872	0.3684450	245	247	246	246	246	247	247	247	247	247	247	247	247	247	247
250	247.888	0.34289	246	248	247	247	247	248	248	248	248	248	248	248	248	248	248
251	248.894	0.3299589	247	249	248	248	249	249	249	249	249	249	249	249	249	249	249
252	249.876	0.3445907	248	250	249	249	249	250	250	250	250	250	250	250	250	250	250
253	250.874	0.3438637	249	251	250	250	250	251	251	251	251	251	251	251	251	251	251
254	251.886	0.3303227	250	252	251	251	251	252	252	252	252	252	252	252	252	252	252
255	252.872	0.3738392	250	253	252	252	252	253	253	253	253	253	253	253	253	253	253
256	253.913	0.2991998	252	254	253	253	254	254	254	254	254	254	254	254	254	254	254
257	254.858	0.3794469	253	255	254	254	254	255	255	255	255	255	255	255	255	255	255
258	255.893	0.3188301	254	256	255	255	255	256	256	256	256	256	256	256	256	256	256
259	256.856	0.3760391	254	257	256	256	256	257	257	257	257	257	257	257	257	257	257
260	257.865	0.3780449	256	258	257	257	257	258	258	258	258	258	258	258	258	258	258
261	258.867	0.3891818	256	259	258	258	258	259	259	259	259	259	259	259	259	259	259
262	259.877	0.3463972	258	260	259	259	259	260	260	260	260	260	260	260	260	260	260
263	260.88	0.3372146	259	261	260	260	260	261	261	261	261	261	261	261	261	261	261
264	261.854	0.3883746	259	262	261	261	261	262	262	262	262	262	262	262	262	262	262
265	262.869	0.3687478	261	263	262	262	262	263	263	263	263	263	263	263	263	263	263
266	263.875	0.3542605	261	264	263	263	263	264	264	264	264	264	264	264	264	264	264
267	264.884	0.350238	263	265	264	264	264	265	265	265	265	265	265	265	265	265	265
268	265.871	0.3442056	264	266	265	265	265	266	266	266	266	266	266	266	266	266	266
269	266.851	0.3936419	265	267	266	266	266	267	267	267	267	267	267	267	267	267	267
270	267.869	0.3687478	266	268	267	267	267	268	268	268	268	268	268	268	268	268	268
271	268.866	0.3580114	267	269	268	268	268	269	269	269	269	269	269	269	269	269	269
272	269.888	0.3399582	268	270	269	269	269	270	270	270	270	270	270	270	270	270	270
273	270.872	0.3629707	269	271	270	270	270	271	271	271	271	271	271	271	271	271	271
274	271.88	0.3401701	270	272	271	271	271	272	272	272	272	272	272	272	272	272	272
275	272.861	0.3765911	271	273	272	272	272	273	273	273	273	273	273	273	273	273	273
276	273.869	0.3492291	272	274	273	273	273	274	274	274	274	274	274	274	274	274	274
277	274.874	0.3524886	273	275	274	274	274	275	275	275	275	275	275	275	275	275	275
278	275.864	0.3628163	274	276	275	275	275	276	276	276	276	276	276	276	276	276	276
279	276.858	0.3767997	275	277	276	276	276	277	277	277	277	277	277	277	277	277	277
280	277.892	0.3323348	275	278	277	277	277	278	278	278	278	278	278	278	278	278	278
281	278.863	0.3638178	277	279	278	278	278	279	279	279	279	279	279	279	279	279	279
282	279.87	0.3677434	277	280	279	279	279	280	280	280	280	280	280	280	280	280	280
283	280.883	0.3367854	279	281	280	280	280	281	281	281	281	281	281	281	281	281	281
284	281.866	0.3607966	280	282	281	281	281	282	282	282	282	282	282	282	282	282	282
285	282.867	0.3680305	281	283	282	282	282	283	283	283	283	283	283	283	283	283	283
286	283.888	0.3249024	282	284	283	283	283	284	284	284	284	284	284	284	284	284	284
287	284.88	0.3372146	283	285	284	284	284	285	285	285	285	285	285	285	285	285	285
288	285.881	0.347793	284	286	285	285	285	286	286	286	286	286	286	286	286	286	286
289	286.877	0.3463972	285	287	286	286	286	287	287	287	287	287	287	287	287	287	287
290	287.864	0.3628163	286	288	287	287	287	288	288	288	288	288	288	288	288	288	288
291	288.862	0.3835402	286	289	288	288	288	289	289	289	289	289	289	289	289	289	289
292	289.862	0.3782844	288	290	289	289	289	290	290	290	290	290	290	290	290	290	290
293	290.877	0.3434953	289	291	290	290	290	291	291	291	291	291	291	291	291	291	291
294	291.897	0.3138304	290	292	291	291	291	292	292	292	292	292	292	292	292	292	292
295	292.872	0.3629707	291	293	292	292	292	293	293	293	293	293	293	293	293	293	293
296	293.878	0.3650332	291	294	293	293	293	294	294	294	294	294	294	294	294	294	294
297	294.844	0.3818505	293	295	294	294	294	295	295	295	295	295	295	295	295	295	295
298	295.859	0.3837529	293	296	295	295	295	296	296	296	296	296	296	296	296	296	296
299	296.884	0.3473682	294	297	296	296	296	297	297	297	297	297	297	297	297	297	297
300	297.881	0.3618977	295	298	297	297	297	298	298	298	298	298	298	298	298	298	298
301	298.854	0.3857886	296	299	298	298	298	299	299	299	299	299	299	299	299	299	299
302	299.875	0.3514235	298	300	299	299	299	300	300	300	300	300	300	300	300	300	300
303	300.865	0.3806835	299	301	300	300	300	301	301	301	301	301	301	301	301	301	301
304	301.876	0.3531979	299	302	301	301	301	302	302	302	302	302	302	302	302	302	302
305	302.869	0.3632781	301	303	302	302	302	303	303	303	303	303	303	303	303	303	303
306	303.867	0.3569852	302	304	303	303	303	304	304	304	304	304	304	304	304	304	304
307	304.856	0.3706770	303	305	304	304	304	305	305	305	305	305	305	305	305	305	305
308	305.879	0.355648	304	306	305	305	305	306	306	306	306	306	306	306	306	306	306
309	306.867	0.3787538	304	307	306	306	306	307	307	307	307	307	307	307	307	307	307
310	307.889	0.3475627	305	308	307	307	307	308	308	308	308	308	308	308	308	308	308
311	308.869	0.3632781	307	309	308	308	308	309	309	309	309	309	309	309	309	309	309
312	309.865	0.3505680	308	310	309	309	309	310	310	310	310	310	310	310	310	310	310
313	310.864	0.3628163	309	311	310	310	310	311	311	311	311	311	311	311	311	311	311
314	311.869	0.3549154	310	312	311	311	311	312	312	312	312	312	312	312	312	312	312
315	312.86	0.3722077	310	313	312	312	312	313	313	313	313	313	313	313	313	313	313
316	313.866	0.3635604	311	314	313	313	313	314	314	314	314	314	314	314	314	314	314
317	314.88	0.3401701	313	315	314	314	314	315	315	315	315	315	315	315	315	315	315
318	315.883	0.3455871	314	316	315	315	315	316	316	316	316	316	316	316	316	316	316
319	316.869	0.3577247	315	317	316	316	316	317	317	317	317	317	317	317	317	317	317
320	317.86	0.3801901	316	318	317	317	317	318	318	318	318	318	318	318	318	318	318
321	318.856	0.3786917	317	319	318	318	318	319	319	319	319	319	319	319	319	319	319
322	319.875	0.3542605	318	320	319	319	319	320	320	320	320	320	320	320	320	320	320
323	320.893	0.3341596	319	321	320	320	321	321	321	321	321	321	321	321	321	321	321
324	321.86	0.3667895	320	322	321	321	321	322	322	322	322	322	322	322	322	322	322
325	322.872	0.3431235	321	323	322	322	322	323	323	323	323	323	323	323	323	323	323
326	323.856	0.3760391	322	324	323	323	323	324	324	324	324	324	324	324	324	324	324
327	324.875	0.3542605	323	325	324	324	324	325	325	325	325	325	325	325	325	325	325
328	325.879	0.3528222	323	326	325	325	325	326	326	326	326	326	326	326	326	326	326
329	326.884	0.3356436	325	327	326	326	326	327	327	327	327	327	327	327	327	327	327
330	327.893	0.3341596	326	328	327	327	328	328	328	328	328	328	328	328	328	328	328
331	328.843	0.390517	327	329	328	328	328	329	329	329	329	329	329	329	329	329	329
332	329.882	0.3437938	328	330	329	329	329	330	330	330	330	330	330	330	330	330	330
333	330.872	0.3460285	329	331	330	330	330	331	331	331	331	331	331	331	331	331	331
334	331.879	0.3442056	330	332	331	331	331	332	332	332	332	332	332	332	332	332	332
335	332.876	0.3474834	331	333	332	332	332	333	333	333	333	333	333	333	333	333	333
336	333.856	0.3865403	332	334	333	333	333	334	334	334	334	334	334	334	334	334	334
337	334.858	0.3687438	333	335	334	334	334	335	335	335	335	335	335	335	335	335	335
338	335.86	0.3640502	333	336	335	335	335	336	336	336	336	336	336	336	336	336	336
339	336.863	0.3746617	334	337	336	336	336	337	337	337	337	337	337	337	337	337	337
340	337.869	0.3520837	336	338	337	337	337	338	338	338	338	338	338	338	338	338	338
341	338.867	0.3541701	337	339	338	338	338	339	339	339	339	339	339	339	339	339	339
342	339.895	0.3099533	338	340	339	339	339	340	340	340	340	340	340	340	340	340	340
343	340.855	0.3822579	338	341	340	340	340	341	341	341	341	341	341	341	341	341	341
344	341.882	0.3379204	340	342	341	341	341	342	342	342	342	342	342	342	342	342	342
345	342.868	0.3587544	341	343	342	342	342	343	343	343	343	343	343	343	343	343	343
346	343.877	0.3463972	342	344	343	343	343	344	344	344	344	344	344	344	344	344	344
347	344.852	0.3797897	343	345	344	344	344	345	345	345	345	345	345	345	345	345	345
348	345.856	0.3813259	344	346	345	345	345	346	346	346	346	346	346	346	346	346	346
349	346.873	0.3563678	345	347	346	346	346	347	347	347	347	347	347	347	347	347	347
350	347.868	0.3670296	346	348	347	347	347	348	348	348	348	348	348	348	348	348	348
351	348.884	0.3356436	347	349	348	348	348	349	349	349	349	349	349	349	349	349	349
352	349.866	0.3635604	348	350	349	349	349	350	350	350	350	350	350	350	350	350	350
353	350.866	0.3875490	348	351	350	350	350	351	351	351	351	351	351	351	351	351	351
354	351.872	0.3602024	350	352	351	351	351	352	352	352	352	352	352	352	352	352	352
355	352.867	0.3653005	351	353	352	352	352	353	353	353	353	353	353	353	353	353	353
356	353.88	0.3488864	352	354	353	353	353	354	354	354	354	354	354	354	354	354	354
357	354.869	0.3660232	353	355	354	354	354	355	355	355	355	355	355	355	355	355	355
358	355.858	0.399995	353	356	355	355	355	356	356	356	356	356	356	356	356	356	356
359	356.87	0.3566893	355	357	356	356	356	357	357	357	357	357	357	357	357	357	357
360	357.882	0.3319430	356	358	357	357	357	358	358	358	358	358	358	358	358	358	358
361	358.864	0.3736892	356	359	358	358	358	359	359	359	359	359	359	359	359	359	359
362	359.877	0.3434953	358	360	359	359	359	360	360	360	360	360	360	360	360	360	360
363	360.844	0.4022758	358	361	360	360	360	361	361	361	361	361	361	361	361	361	361
364	361.866	0.3770758	359	362	361	361	361	362	362	362	362	362	362	362	362	362	362
365	362.878	0.3423934	360	363	362	362	362	363	363	363	363	363	363	363	363	363	363
366	363.875	0.3485635	362	364	363	363	363	364	364	364	364	364	364	364	364	364	364
367	364.87	0.3538718	363	365	364	364	364	365	365	365	365	365	365	365	365	365	365
368	365.861	0.3575008	364	366	365	365	365	366	366	366	366	366	366	366	366	366	366
369	366.876	0.3616003	364	367	366	366	366	367	367	367	367	367	367	367	367	367	367
370	367.876	0.367095	365	368	367	367	367	368	368	368	368	368	368	368	368	368	368
371	368.891	0.3212822	367	369	368	368	368	369	369	369	369	369	369	369	369	369	369
372	369.872	0.3817876	367	370	369	369	369	370	370	370	370	370	370	370	370	370	370
373	370.884	0.3444745	369	371	370	370	370	371	371	371	371	371	371	371	371	371	371
374	371.893	0.3219544	370	372	371	371	371	372	372	372	372	372	372	372	372	372	372
375	372.862	0.3648138	371	373	372	372	372	373	373	373	373	373	373	373	373	373	373
376	373.877	0.3577695	372	374	373	373	373	374	374	374	374	374	374	374	374	374	374
377	374.883	0.3484716	373	375	374	374	374	375	375	375	375	375	375	375	375	375	375
378	375.857	0.369713	374	376	375	375	375	376	376	376	376	376	376	376	376	376	376
379	376.857	0.3750889	375	377	376	376	376	377	377	377	377	377	377	377	377	377	377
380	377.876	0.3416734	376	378	377	377	377	378	378	378	378	378	378	378	378	378	378
381	378.88	0.3545782	376	379	378	378	378	379	379	379	379	379	379	379	379	379	379
382	379.877	0.3463972	377	380	379	379	379	380	380	380	380	380	380	380	380	380	380
383	380.884	0.3386128	379	381	380	380	380	381	381	381	381	381	381	381	381	381	381
384	381.864	0.3816407	378	382	381	381	381	382	382	382	382	382	382	382	382	382	382
385	382.899	0.3207833	381	383	382	382	383	383	383	383	383	383	383	383	383	383	383
386	383.872	0.3401937	382	384	383	383	383	384	384	384	384	384	384	384	384	384	384
387	384.87	0.3677434	383	385	384	384	384	385	385	385	385	385	385	385	385	385	385
388	385.871	0.355648	384	386	385	385	385	386	386	386	386	386	386	386	386	386	386
389	386.888	0.3399582	385	387	386	386	386	387	387	387	387	387	387	387	387	387	387
390	387.885	0.3404275	386	388	387	387	387	388	388	388	388	388	388	388	388	388	388
391	388.876	0.3616003	386	389	388	388	388	389	389	389	389	389	389	389	389	389	389
392	389.843	0.4056051	387	390	389	389	389	390	390	390	390	390	390	390	390	390	390
393	390.875	0.3456798	389	391	390	390	390	391	391	391	391	391	391	391	391	391	391
394	391.86	0.3722077	389	392	391	391	391	392	392	392	392	392	392	392	392	392	392
395	392.87	0.3758208	390	393	392	392	392	393	393	393	393	393	393	393	393	393	393
396	393.863	0.3719803	391	394	393	393	393	394	394	394	394	394	394	394	394	394	394
397	394.878	0.3538944	393	395	394	394	394	395	395	395	395	395	395	395	395	395	395
398	395.866	0.3635604	394	396	395	395	395	396	396	396	396	396	396	396	396	396	396
399	396.884	0.3356436	395	397	396	396	396	397	397	397	397	397	397	397	397	397	397
400	397.866	0.3580114	396	398	397	397	397	398	398	398	398	398	398	398	398	398	398
401	398.874	0.3745187	396	399	398	398	398	399	399	399	399	399	399	399	399	399	399
402	399.888	0.3399582	397	400	399	399	399	400	400	400	400	400	400	400	400	400	400
403	400.875	0.3398389	399	401	400	400	400	401	401	401	401	401	401	401	401	401	401
404	401.855	0.3769842	400	402	401	401	401	402	402	402	402	402	402	402	402	402	402
405	402.876	0.3725087	400	403	402	402	402	403	403	403	403	403	403	403	403	403	403
406	403.893	0.3188301	402	404	403	403	403	404	404	404	404	404	404	404	404	404	404
407	404.884	0.3356436	403	405	404	404	404	405	405	405	405	405	405	405	405	405	405
408	405.876	0.3560207	403	406	405	405	405	406	406	406	406	406	406	406	406	406	406
409	406.892	0.3231725	405	407	406	406	406	407	407	407	407	407	407	407	407	407	407
410	407.842	0.4014937	405	408	407	407	407	408	408	408	408	408	408	408	408	408	408
411	408.881	0.3419882	407	409	408	408	408	409	409	409	409	409	409	409	409	409	409
412	409.882	0.3408698	408	410	409	409	409	410	410	410	410	410	410	410	410	410	410
413	410.843	0.3853563	409	411	410	410	410	411	411	411	411	411	411	411	411	411	411
414	411.858	0.3660191	410	412	411	411	411	412	412	412	412	412	412	412	412	412	412
415	412.874	0.3524886	411	413	412	412	412	413	413	413	413	413	413	413	413	413	413
416	413.875	0.3456798	412	414	413	413	413	414	414	414	414	414	414	414	414	414	414
417	414.87	0.3510317	413	415	414	414	414	415	415	415	415	415	415	415	415	415	415
418	415.87	0.3510317	414	416	415	415	415	416	416	416	416	416	416	416	416	416	416
419	416.88	0.3545782	415	417	416	416	416	417	417	417	417	417	417	417	417	417	417
420	417.851	0.3885228	416	418	417	417	417	418	418	418	418	418	418	418	418	418	418
421	418.86	0.3640502	417	419	418	418	418	419	419	419	419	419	419	419	419	419	419
422	419.855	0.3796302	418	420	419	419	419	420	420	420	420	420	420	420	420	420	420
423	420.886	0.3392921	419	421	420	420	420	421	421	421	421	421	421	421	421	421	421
424	421.871	0.3801362	419	422	421	421	421	422	422	422	422	422	422	422	422	422	422
425	422.878	0.3423934	421	423	422	422	422	423	423	423	423	423	423	423	423	423	423
426	423.884	0.3473682	422	424	423	423	423	424	424	424	424	424	424	424	424	424	424
427	424.87	0.3538718	422	425	424	424	424	425	425	425	425	425	425	425	425	425	425
428	425.865	0.3936114	423	426	425	425	425	426	426	426	426	426	426	426	426	426	426
429	426.863	0.3638178	425	427	426	426	426	427	427	427	427	427	427	427	427	427	427
430	427.869	0.3687478	425	428	427	427	427	428	428	428	428	428	428	428	428	428	428
431	428.877	0.3434953	427	429	428	428	428	429	429	429	429	429	429	429	429	429	429
432	429.897	0.3413320	427	430	429	429	430	430	430	430	430	430	430	430	430	430	430
433	430.887	0.3321767	429	431	430	430	430	431	431	431	431	431	431	431	431	431	431
434	431.895	0.3226129	430	432	431	431	431	432	432	432	432	432	432	432	432	432	432
435	432.891	0.3149892	431	433	432	432	432	433	433	433	433	433	433	433	433	433	433
436	433.854	0.3857886	432	434	433	433	433	434	434	434	434	434	434	434	434	434	434
437	434.88	0.3401701	433	435	434	434	434	435	435	435	435	435	435	435	435	435	435
438	435.86	0.3722077	433	436	435	435	435	436	436	436	436	436	436	436	436	436	436
439	436.872	0.3546008	435	437	436	436	436	437	437	437	437	437	437	437	437	437	437
440	437.873	0.3535477	436	438	437	437	437	438	438	438	438	438	438	438	438	438	438
441	438.856	0.3813259	437	439	438	438	438	439	439	439	439	439	439	439	439	439	439
442	439.86	0.3722077	438	440	439	439	439	440	440	440	440	440	440	440	440	440	440
443	440.895	0.3226129	439	441	440	440	440	441	441	441	441	441	441	441	441	441	441
444	441.864	0.3736892	439	442	441	441	441	442	442	442	442	442	442	442	442	442	442
445	442.88	0.3545782	441	443	442	442	442	443	443	443	443	443	443	443	443	443	443
446	443.88	0.3372146	442	444	443	443	443	444	444	444	444	444	444	444	444	444	444
447	444.865	0.3673008	443	445	444	444	444	445	445	445	445	445	445	445	445	445	445
448	445.874	0.3524886	443	446	445	445	445	446	446	446	446	446	446	446	446	446	446
449	446.85	0.3970613	444	447	446	446	446	447	447	447	447	447	447	447	447	447	447
450	447.877	0.3577695	446	448	447	447	447	448	448	448	448	448	448	448	448	448	448
451	448.878	0.3364955	447	449	448	448	448	449	449	449	449	449	449	449	449	449	449
452	449.875	0.3485635	448	450	449	449	449	450	450	450	450	450	450	450	450	450	450
453	450.876	0.3503523	449	451	450	450	450	451	451	451	451	451	451	451	451	451	451
454	451.857	0.385616	449	452	451	451	451	452	452	452	452	452	452	452	452	452	452
455	452.875	0.3542605	451	453	452	452	452	453	453	453	453	453	453	453	453	453	453
456	453.895	0.3317907	451	454	453	453	454	454	454	454	454	454	454	454	454	454	454
457	454.865	0.3618092	453	455	454	454	454	455	455	455	455	455	455	455	455	455	455
458	455.869	0.3741376	453	456	455	455	455	456	456	456	456	456	456	456	456	456	456
459	456.882	0.3466932	454	457	456	456	456	457	457	457	457	457	457	457	457	457	457
460	457.863	0.3719803	456	458	457	457	457	458	458	458	458	458	458	458	458	458	458
461	458.858	0.3767997	457	459	458	458	458	459	459	459	459	459	459	459	459	459	459
462	459.877	0.3549606	457	460	459	459	459	460	460	460	460	460	460	460	460	460	460
463	460.853	0.3735379	459	461	460	460	460	461	461	461	461	461	461	461	461	461	461
464	461.876	0.3531979	460	462	461	461	461	462	462	462	462	462	462	462	462	462	462
465	462.884	0.3559082	460	463	462	462	462	463	463	463	463	463	463	463	463	463	463
466	463.858	0.3767997	462	464	463	463	463	464	464	464	464	464	464	464	464	464	464
467	464.875	0.3598673	463	465	464	464	464	465	465	465	465	465	465	465	465	465	465
468	465.858	0.3741336	464	466	465	465	465	466	466	466	466	466	466	466	466	466	466
469	466.863	0.3582727	465	467	466	466	466	467	467	467	467	467	467	467	467	467	467
470	467.886	0.3480304	466	468	467	467	467	468	468	468	468	468	468	468	468	468	468
471	468.901	0.3151163	467	469	468	468	469	469	469	469	469	469	469	469	469	469	469
472	469.869	0.3520837	468	470	469	469	469	470	470	470	470	470	470	470	470	470	470
473	470.878	0.3423934	469	471	470	470	470	471	471	471	471	471	471	471	471	471	471
474	471.88	0.3372146	470	472	471	471	471	472	472	472	472	472	472	472	472	472	472
475	472.866	0.3744118	470	473	472	472	472	473	473	473	473	473	473	473	473	473	473
476	473.864	0.3655648	472	474	473	473	473	474	474	474	474	474	474	474	474	474	474
477	474.87	0.3566893	473	475	474	474	474	475	475	475	475	475	475	475	475	475	475
478	475.855	0.3716357	473	476	475	475	475	476	476	476	476	476	476	476	476	476	476
479	476.876	0.3474834	475	477	476	476	476	477	477	477	477	477	477	477	477	477	477
480	477.881	0.3419882	476	478	477	477	477	478	478	478	478	478	478	478	478	478	478
481	478.864	0.3710009	476	479	478	478	478	479	479	479	479	479	479	479	479	479	479
482	479.867	0.3653005	478	480	479	479	479	480	480	480	480	480	480	480	480	480	480
483	480.86	0.3801901	479	481	480	480	480	481	481	481	481	481	481	481	481	481	481
484	481.884	0.3356436	480	482	481	481	481	482	482	482	482	482	482	482	482	482	482
485	482.873	0.3449493	481	483	482	482	482	483	483	483	483	483	483	483	483	483	483
486	483.848	0.3886477	482	484	483	483	483	484	484	484	484	484	484	484	484	484	484
487	484.865	0.3562329	483	485	484	484	484	485	485	485	485	485	485	485	485	485	485
488	485.883	0.3307876	484	486	485	485	485	486	486	486	486	486	486	486	486	486	486
489	486.888	0.3279688	485	487	486	486	486	487	487	487	487	487	487	487	487	487	487
490	487.865	0.3753877	486	488	487	487	487	488	488	488	488	488	488	488	488	488	488
491	488.87	0.3622585	487	489	488	488	488	489	489	489	489	489	489	489	489	489	489
492	489.882	0.3408698	488	490	489	489	489	490	490	490	490	490	490	490	490	490	490
493	490.893	0.3371419	489	491	490	490	491	491	491	491	491	491	491	491	491	491	491
494	491.86	0.3775481	490	492	491	491	491	492	492	492	492	492	492	492	492	492	492
495	492.862	0.3809214	490	493	492	492	492	493	493	493	493	493	493	493	493	493	493
496	493.867	0.3787538	491	494	493	493	493	494	494	494	494	494	494	494	494	494	494
497	494.889	0.3504309	492	495	494	494	494	495	495	495	495	495	495	495	495	495	495
498	495.86	0.3667895	494	496	495	495	495	496	496	496	496	496	496	496	496	496	496
499	496.875	0.3598673	494	497	496	496	496	497	497	497	497	497	497	497	497	497	497
500	497.891	0.3365	496	498	497	497	497	498	498	498	498	498	498	498	498	498	498
501	498.857	0.3882032	497	499	498	498	498	499	499	499	499	499	499	499	499	499	499
502	499.885	0.3374743	498	500	499	499	499	500	500	500	500	500	500	500	500	500	500
503	500.879	0.3499735	499	501	500	500	500	501	501	501	501	501	501	501	501	501	501
504	501.876	0.3531979	499	502	501	501	501	502	502	502	502	502	502	502	502	502	502
505	502.879	0.3528222	501	503	502	502	502	503	503	503	503	503	503	503	503	503	503
506	503.885	0.334495	502	504	503	503	503	504	504	504	504	504	504	504	504	504	504
507	504.874	0.3553171	503	505	504	504	504	505	505	505	505	505	505	505	505	505	505
508	505.87	0.3650113	504	506	505	505	505	506	506	506	506	506	506	506	506	506	506
509	506.88	0.3460054	504	507	506	506	506	507	507	507	507	507	507	507	507	507	507
510	507.888	0.3340173	506	508	507	507	507	508	508	508	508	508	508	508	508	508	508
511	508.895	0.3257009	507	509	508	508	509	509	509	509	509	509	509	509	509	509	509
512	509.875	0.3653882	507	510	509	509	509	510	510	510	510	510	510	510	510	510	510
513	510.87	0.3731477	507	511	510	510	510	511	511	511	511	511	511	511	511	511	511
514	511.892	0.3293090	510	512	511	511	511	512	512	512	512	512	512	512	512	512	512
515	512.888	0.3486798	511	513	512	512	512	513	513	513	513	513	513	513	513	513	513
516	513.862	0.3702608	512	514	513	513	513	514	514	514	514	514	514	514	514	514	514
517	514.879	0.3442056	513	515	514	514	514	515	515	515	515	515	515	515	515	515	515
518	515.884	0.3356436	514	516	515	515	515	516	516	516	516	516	516	516	516	516	516
519	516.871	0.3471015	515	517	516	516	516	517	517	517	517	517	517	517	517	517	517
520	517.883	0.3426783	516	518	517	517	517	518	518	518	518	518	518	518	518	518	518
521	518.895	0.3226129	517	519	518	518	518	519	519	519	519	519	519	519	519	519	519
522	519.87	0.3566893	517	520	519	519	519	520	520	520	520	520	520	520	520	520	520
523	520.871	0.3612333	519	521	520	520	520	521	521	521	521	521	521	521	521	521	521
524	521.885	0.3491374	519	522	521	521	521	522	522	522	522	522	522	522	522	522	522
525	522.875	0.3681175	520	523	522	522	522	523	523	523	523	523	523	523	523	523	523
526	523.871	0.3748326	521	524	523	523	523	524	524	524	524	524	524	524	524	524	524
527	524.879	0.3383393	523	525	524	524	524	525	525	525	525	525	525	525	525	525	525
528	525.867	0.3653005	523	526	525	525	525	526	526	526	526	526	526	526	526	526	526
529	526.883	0.3397446	525	527	526	526	526	527	527	527	527	527	527	527	527	527	527
530	527.87	0.3622585	526	528	527	527	527	528	528	528	528	528	528	528	528	528	528
531	528.858	0.3714485	527	529	528	528	528	529	529	529	529	529	529	529	529	529	529
532	529.889	0.332851	528	530	529	529	529	530	530	530	530	530	530	530	530	530	530
533	530.865	0.3645654	529	531	530	530	530	531	531	531	531	531	531	531	531	531	531
534	531.879	0.3353677	530	532	531	531	531	532	532	532	532	532	532	532	532	532	532
535	532.87	0.3650113	530	533	532	532	532	533	533	533	533	533	533	533	533	533	533
536	533.89	0.3286457	532	534	533	533	533	534	534	534	534	534	534	534	534	534	534
537	534.874	0.3524886	533	535	534	534	534	535	535	535	535	535	535	535	535	535	535
538	535.892	0.3262552	534	536	535	535	535	536	536	536	536	536	536	536	536	536	536
539	536.874	0.3496373	535	537	536	536	536	537	537	537	537	537	537	537	537	537	537
540	537.871	0.3528222	535	538	537	537	537	538	538	538	538	538	538	538	538	538	538
541	538.864	0.3655648	537	539	538	538	538	539	539	539	539	539	539	539	539	539	539
542	539.867	0.3597783	538	540	539	539	539	540	540	540	540	540	540	540	540	540	540
543	540.873	0.361942	539	541	540	540	540	541	541	541	541	541	541	541	541	541	541
544	541.877	0.3577695	540	542	541	541	541	542	542	542	542	542	542	542	542	542	542
545	542.871	0.3639938	541	543	542	542	542	543	543	543	543	543	543	543	543	543	543
546	543.889	0.3358449	541	544	543	543	543	544	544	544	544	544	544	544	544	544	544
547	544.867	0.3707404	542	545	544	544	544	545	545	545	545	545	545	545	545	545	545
548	545.873	0.3728405	543	546	545	545	545	546	546	546	546	546	546	546	546	546	546
549	546.87	0.3538718	545	547	546	546	546	547	547	547	547	547	547	547	547	547	547
550	547.874	0.3496373	546	548	547	547	547	548	548	548	548	548	548	548	548	548	548
551	548.861	0.3575008	547	549	548	548	548	549	549	549	549	549	549	549	549	549	549
552	549.872	0.3546008	548	550	549	549	549	550	550	550	550	550	550	550	550	550	550
553	550.887	0.3469169	548	551	550	550	550	551	551	551	551	551	551	551	551	551	551
554	551.876	0.3588213	550	552	551	551	551	552	552	552	552	552	552	552	552	552	552
555	552.883	0.3338	551	553	552	552	552	553	553	553	553	553	553	553	553	553	553
556	553.878	0.3510545	552	554	553	553	553	554	554	554	554	554	554	554	554	554	554
557	554.885	0.334495	553	555	554	554	554	555	555	555	555	555	555	555	555	555	555
558	555.879	0.3471015	554	556	555	555	555	556	556	556	556	556	556	556	556	556	556
559	556.888	0.3399582	555	557	556	556	556	557	557	557	557	557	557	557	557	557	557
560	557.863	0.3719803	555	558	557	557	557	558	558	558	558	558	558	558	558	558	558
561	558.889	0.341754	556	559	558	558	558	559	559	559	559	559	559	559	559	559	559
562	559.864	0.3710009	557	560	559	559	559	560	560	560	560	560	560	560	560	560	560
563	560.878	0.3453046	559	561	560	560	560	561	561	561	561	561	561	561	561	561	561
564	561.89	0.3224965	560	562	561	561	561	562	562	562	562	562	562	562	562	562	562
565	562.868	0.3615338	561	563	562	562	562	563	563	563	563	563	563	563	563	563	563
566	563.877	0.3549606	561	564	563	563	563	564	564	564	564	564	564	564	564	564	564
567	564.865	0.3618092	563	565	564	564	564	565	565	565	565	565	565	565	565	565	565
568	565.86	0.3722077	564	566	565	565	565	566	566	566	566	566	566	566	566	566	566
569	566.871	0.3774937	564	567	566	566	566	567	567	567	567	567	567	567	567	567	567
570	567.865	0.3590319	566	568	567	567	567	568	568	568	568	568	568	568	568	568	568
571	568.875	0.3570749	567	569	568	568	568	569	569	569	569	569	569	569	569	569	569
572	569.879	0.3442056	568	570	569	569	569	570	570	570	570	570	570	570	570	570	570
573	570.864	0.3628163	569	571	570	570	570	571	571	571	571	571	571	571	571	571	571
574	571.866	0.369026	570	572	571	571	571	572	572	572	572	572	572	572	572	572	572
575	572.874	0.3438637	571	573	572	572	572	573	573	573	573	573	573	573	573	573	573
576	573.86	0.3931343	571	574	573	573	573	574	574	574	574	574	574	574	574	574	574
577	574.876	0.3445907	572	575	574	574	574	575	575	575	575	575	575	575	575	575	575
578	575.881	0.3449028	574	576	575	575	575	576	576	576	576	576	576	576	576	576	576
579	576.878	0.3423934	575	577	576	576	576	577	577	577	577	577	577	577	577	577	577
580	577.882	0.3319430	576	578	577	577	577	578	578	578	578	578	578	578	578	578	578
581	578.873	0.3449493	577	579	578	578	578	579	579	579	579	579	579	579	579	579	579
582	579.866	0.3744118	577	580	579	579	579	580	580	580	580	580	580	580	580	580	580
583	580.88	0.3460054	579	581	580	580	580	581	581	581	581	581	581	581	581	581	581
584	581.869	0.3714525	579	582	581	581	581	582	582	582	582	582	582	582	582	582	582
585	582.888	0.3370008	581	583	582	582	582	583	583	583	583	583	583	583	583	583	583
586	583.883	0.3455871	582	584	583	583	583	584	584	584	584	584	584	584	584	584	584
587	584.887	0.3381499	582	585	584	584	584	585	585	585	585	585	585	585	585	585	585
588	585.844	0.3972679	584	586	585	585	585	586	586	586	586	586	586	586	586	586	586
589	586.875	0.3626383	585	587	586	586	586	587	587	587	587	587	587	587	587	587	587
590	587.888	0.3310069	586	588	587	587	587	588	588	588	588	588	588	588	588	588	588
591	588.877	0.3492750	587	589	588	588	588	589	589	589	589	589	589	589	589	589	589
592	589.877	0.3405686	588	590	589	589	589	590	590	590	590	590	590	590	590	590	590
593	590.878	0.3595069	588	591	590	590	590	591	591	591	591	591	591	591	591	591	591
594	591.865	0.3753877	589	592	591	591	591	592	592	592	592	592	592	592	592	592	592
595	592.871	0.3383393	591	593	592	592	592	593	593	593	593	593	593	593	593	593	593
596	593.866	0.3580114	592	594	593	593	593	594	594	594	594	594	594	594	594	594	594
597	594.881	0.3506593	593	595	594	594	594	595	595	595	595	595	595	595	595	595	595
598	595.876	0.3531979	594	596	595	595	595	596	596	596	596	596	596	596	596	596	596
599	596.879	0.3528222	595	597	596	596	596	597	597	597	597	597	597	597	597	597	597
600	597.874	0.3664127	595	598	597	597	597	598	598	598	598	598	598	598	598	598	598
601	598.865	0.3780449	597	599	598	598	598	599	599	599	599	599	599	599	599	599	599
602	599.88	0.3601801	597	600	599	599	599	600	600	600	600	600	600	600	600	600	600
603	600.853	0.3788595	599	601	600	600	600	601	601	601	601	601	601	601	601	601	601
604	601.888	0.3370008	600	602	601	601	601	602	602	602	602	602	602	602	602	602	602
605	602.88	0.3488864	600	603	602	602	602	603	603	603	603	603	603	603	603	603	603
606	603.869	0.3687478	601	604	603	603	603	604	604	604	604	604	604	604	604	604	604
607	604.872	0.3657181	603	605	604	604	604	605	605	605	605	605	605	605	605	605	605
608	605.872	0.3657181	604	606	605	605	605	606	606	606	606	606	606	606	606	606	606
609	606.884	0.329625	605	607	606	606	606	607	607	607	607	607	607	607	607	607	607
610	607.875	0.3398389	606	608	607	607	607	608	608	608	608	608	608	608	608	608	608
611	608.877	0.3492750	607	609	608	608	608	609	609	609	609	609	609	609	609	609	609
612	609.877	0.3492750	608	610	609	609	609	610	610	610	610	610	610	610	610	610	610
613	610.884	0.3415562	609	611	610	610	610	611	611	611	611	611	611	611	611	611	611
614	611.867	0.3625499	610	612	611	611	611	612	612	612	612	612	612	612	612	612	612
615	612.878	0.3423934	611	613	612	612	612	613	613	613	613	613	613	613	613	613	613
616	613.883	0.3484716	612	614	613	613	613	614	614	614	614	614	614	614	614	614	614
617	614.88	0.3460054	613	615	614	614	614	615	615	615	615	615	615	615	615	615	615
618	615.868	0.3587544	614	616	615	615	615	616	616	616	616	616	616	616	616	616	616
619	616.873	0.3535477	614	617	616	616	616	617	617	617	617	617	617	617	617	617	617
620	617.865	0.3700161	616	618	617	617	617	618	618	618	618	618	618	618	618	618	618
621	618.867	0.3597783	617	619	618	618	618	619	619	619	619	619	619	619	619	619	619
622	619.884	0.3326479	618	620	619	619	619	620	620	620	620	620	620	620	620	620	620
623	620.865	0.3645654	619	621	620	620	620	621	621	621	621	621	621	621	621	621	621
624	621.884	0.3444745	620	622	621	621	621	622	622	622	622	622	622	622	622	622	622
625	622.874	0.3636705	621	623	622	622	622	623	623	623	623	623	623	623	623	623	623
626	623.897	0.3413320	621	624	623	623	624	624	624	624	624	624	624	624	624	624	624
627	624.881	0.3563228	623	625	624	624	624	625	625	625	625	625	625	625	625	625	625
628	625.878	0.3394573	624	626	625	625	625	626	626	626	626	626	626	626	626	626	626
629	626.871	0.3667335	625	627	626	626	626	627	627	627	627	627	627	627	627	627	627
630	627.869	0.3605121	626	628	627	627	627	628	628	628	628	628	628	628	628	628	628
631	628.857	0.385616	626	629	628	628	628	629	629	629	629	629	629	629	629	629	629
632	629.874	0.3496373	628	630	629	629	629	630	630	630	630	630	630	630	630	630	630
633	630.855	0.3689324	628	631	630	630	630	631	631	631	631	631	631	631	631	631	631
634	631.879	0.3471015	630	632	631	631	631	632	632	632	632	632	632	632	632	632	632
635	632.877	0.3577695	631	633	632	632	632	633	633	633	633	633	633	633	633	633	633
636	633.855	0.3689324	632	634	633	633	633	634	634	634	634	634	634	634	634	634	634
637	634.869	0.3605121	633	635	634	634	634	635	635	635	635	635	635	635	635	635	635
638	635.878	0.3453046	634	636	635	635	635	636	636	636	636	636	636	636	636	636	636
639	636.878	0.3453046	635	637	636	636	636	637	637	637	637	637	637	637	637	637	637
640	637.888	0.3310069	636	638	637	637	637	638	638	638	638	638	638	638	638	638	638
641	638.885	0.3433553	637	639	638	638	638	639	639	639	639	639	639	639	639	639	639
642	639.863	0.377324	638	640	639	639	639	640	640	640	640	640	640	640	640	640	640
643	640.893	0.3281138	639	641	640	640	640	641	641	641	641	641	641	641	641	641	641
644	641.884	0.3473682	640	642	641	641	641	642	642	642	642	642	642	642	642	642	642
645	642.873	0.3728405	640	643	642	642	642	643	643	643	643	643	643	643	643	643	643
646	643.871	0.3528222	642	644	643	643	643	644	644	644	644	644	644	644	644	644	644
647	644.853	0.3814925	643	645	644	644	644	645	645	645	645	645	645	645	645	645	645
648	645.892	0.3262552	644	646	645	645	645	646	646	646	646	646	646	646	646	646	646
649	646.865	0.3780449	645	647	646	646	646	647	647	647	647	647	647	647	647	647	647
650	647.86	0.3667895	646	648	647	647	647	648	648	648	648	648	648	648	648	648	648
651	648.863	0.3638178	647	649	648	648	648	649	649	649	649	649	649	649	649	649	649
652	649.861	0.3685306	648	650	649	649	649	650	650	650	650	650	650	650	650	650	650
653	650.87	0.3510317	649	651	650	650	650	651	651	651	651	651	651	651	651	651	651
654	651.871	0.3612333	650	652	651	651	651	652	652	652	652	652	652	652	652	652	652
655	652.874	0.3496373	651	653	652	652	652	653	653	653	653	653	653	653	653	653	653
656	653.887	0.3351766	652	654	653	653	653	654	654	654	654	654	654	654	654	654	654
657	654.871	0.3528222	653	655	654	654	654	655	655	655	655	655	655	655	655	655	655
658	655.887	0.3321767	654	656	655	655	655	656	656	656	656	656	656	656	656	656	656
659	656.861	0.3685306	655	657	656	656	656	657	657	657	657	657	657	657	657	657	657
660	657.876	0.3416734	656	658	657	657	657	658	658	658	658	658	658	658	658	658	658
661	658.873	0.361942	656	659	658	658	658	659	659	659	659	659	659	659	659	659	659
662	659.869	0.3660232	657	660	659	659	659	660	660	660	660	660	660	660	660	660	660
663	660.843	0.3981325	658	661	660	660	660	661	661	661	661	661	661	661	661	661	661
664	661.879	0.3471015	660	662	661	661	661	662	662	662	662	662	662	662	662	662	662
665	662.868	0.3642921	661	663	662	662	662	663	663	663	663	663	663	663	663	663	663
666	663.887	0.3230098	662	664	663	663	663	664	664	664	664	664	664	664	664	664	664
667	664.877	0.3549606	663	665	664	664	664	665	665	665	665	665	665	665	665	665	665
668	665.868	0.3587544	664	666	665	665	665	666	666	666	666	666	666	666	666	666	666
669	666.874	0.3524886	664	667	666	666	666	667	667	667	667	667	667	667	667	667	667
670	667.872	0.3791566	665	668	667	667	667	668	668	668	668	668	668	668	668	668	668
671	668.857	0.3724106	667	669	668	668	668	669	669	669	669	669	669	669	669	669	669
672	669.875	0.3456798	668	670	669	669	669	670	670	670	670	670	670	670	670	670	670
673	670.878	0.3453046	669	671	670	670	670	671	671	671	671	671	671	671	671	671	671
674	671.856	0.3733677	670	672	671	671	671	672	672	672	672	672	672	672	672	672	672
675	672.864	0.3655648	671	673	672	672	672	673	673	673	673	673	673	673	673	673	673
676	673.875	0.3485635	672	674	673	673	673	674	674	674	674	674	674	674	674	674	674
677	674.857	0.3830114	673	675	674	674	674	675	675	675	675	675	675	675	675	675	675
678	675.88	0.3629487	673	676	675	675	675	676	676	676	676	676	676	676	676	676	676
679	676.858	0.3794469	675	677	676	676	676	677	677	677	677	677	677	677	677	677	677
680	677.892	0.3231725	676	678	677	677	677	678	678	678	678	678	678	678	678	678	678
681	678.878	0.3481914	676	679	678	678	678	679	679	679	679	679	679	679	679	679	679
682	679.87	0.3650113	677	680	679	679	679	680	680	680	680	680	680	680	680	680	680
683	680.874	0.3467625	679	681	680	680	680	681	681	681	681	681	681	681	681	681	681
684	681.875	0.3456798	680	682	681	681	681	682	682	682	682	682	682	682	682	682	682
685	682.861	0.3658043	681	683	682	682	682	683	683	683	683	683	683	683	683	683	683
686	683.885	0.3374743	682	684	683	683	683	684	684	684	684	684	684	684	684	684	684
687	684.886	0.3480304	683	685	684	684	684	685	685	685	685	685	685	685	685	685	685
688	685.877	0.3463972	684	686	685	685	685	686	686	686	686	686	686	686	686	686	686
689	686.872	0.3574126	685	687	686	686	686	687	687	687	687	687	687	687	687	687	687
690	687.879	0.355648	685	688	687	687	687	688	688	688	688	688	688	688	688	688	688
691	688.868	0.3587544	687	689	688	688	688	689	689	689	689	689	689	689	689	689	689
692	689.875	0.3570749	688	690	689	689	689	690	690	690	690	690	690	690	690	690	690
693	690.893	0.3311505	689	691	690	690	690	691	691	691	691	691	691	691	691	691	691
694	691.879	0.3353677	690	692	691	691	691	692	692	692	692	692	692	692	692	692	692
695	692.883	0.3484716	691	693	692	692	692	693	693	693	693	693	693	693	693	693	693
696	693.887	0.3321767	692	694	693	693	693	694	694	694	694	694	694	694	694	694	694
697	694.88	0.3372146	693	695	694	694	694	695	695	695	695	695	695	695	695	695	695
698	695.88	0.3545782	692	696	695	695	695	696	696	696	696	696	696	696	696	696	696
699	696.869	0.3632781	695	697	696	696	696	697	697	697	697	697	697	697	697	697	697
700	697.876	0.364358	695	698	697	697	697	698	698	698	698	698	698	698	698	698	698
701	698.881	0.3535024	697	699	698	698	698	699	699	699	699	699	699	699	699	699	699
702	699.861	0.3712369	698	700	699	699	699	700	700	700	700	700	700	700	700	700	700
703	700.861	0.3658043	699	701	700	700	700	701	701	701	701	701	701	701	701	701	701
704	701.869	0.3632781	700	702	701	701	701	702	702	702	702	702	702	702	702	702	702
705	702.878	0.3394573	701	703	702	702	702	703	703	703	703	703	703	703	703	703	703
706	703.864	0.3628163	702	704	703	703	703	704	704	704	704	704	704	704	704	704	704
707	704.873	0.3563678	703	705	704	704	704	705	705	705	705	705	705	705	705	705	705
708	705.851	0.3807150	704	706	705	705	705	706	706	706	706	706	706	706	706	706	706
709	706.877	0.3577695	705	707	706	706	706	707	707	707	707	707	707	707	707	707	707
710	707.863	0.382593	705	708	707	707	707	708	708	708	708	708	708	708	708	708	708
711	708.867	0.3653005	707	709	708	708	708	709	709	709	709	709	709	709	709	709	709
712	709.873	0.3535477	708	710	709	709	709	710	710	710	710	710	710	710	710	710	710
713	710.869	0.3549154	709	711	710	710	710	711	711	711	711	711	711	711	711	711	711
714	711.887	0.3351766	710	712	711	711	711	712	712	712	712	712	712	712	712	712	712
715	712.872	0.3517666	711	713	712	712	712	713	713	713	713	713	713	713	713	713	713
716	713.885	0.3576352	711	714	713	713	713	714	714	714	714	714	714	714	714	714	714
717	714.853	0.3943939	712	715	714	714	714	715	715	715	715	715	715	715	715	715	715
718	715.876	0.3416734	714	716	715	715	715	716	716	716	716	716	716	716	716	716	716
719	716.871	0.3612333	715	717	716	716	716	717	717	717	717	717	717	717	717	717	717
720	717.893	0.3341596	716	718	717	717	718	718	718	718	718	718	718	718	718	718	718
721	718.874	0.3496373	717	719	718	718	718	719	719	719	719	719	719	719	719	719	719
722	719.877	0.3434953	718	720	719	719	719	720	720	720	720	720	720	720	720	720	720
723	720.866	0.3580114	719	721	720	720	720	721	721	721	721	721	721	721	721	721	721
724	721.867	0.3625499	720	722	721	721	721	722	722	722	722	722	722	722	722	722	722
725	722.874	0.3496373	721	723	722	722	722	723	723	723	723	723	723	723	723	723	723
726	723.901	0.3021428	722	724	723	723	724	724	724	724	724	724	724	724	724	724	724
727	724.87	0.3566893	723	725	724	724	724	725	725	725	725	725	725	725	725	725	725
728	725.877	0.3521292	723	726	725	725	725	726	726	726	726	726	726	726	726	726	726
729	726.877	0.3434953	725	727	726	726	726	727	727	727	727	727	727	727	727	727	727
730	727.89	0.3376596	726	728	727	727	727	728	728	728	728	728	728	728	728	728	728
731	728.878	0.3481914	727	729	728	728	728	729	729	729	729	729	729	729	729	729	729
732	729.853	0.3762081	728	730	729	729	729	730	730	730	730	730	730	730	730	730	730
733	730.87	0.3650113	728	731	730	730	730	731	731	731	731	731	731	731	731	731	731
734	731.88	0.3545782	730	732	731	731	731	732	732	732	732	732	732	732	732	732	732
735	732.872	0.3711519	730	733	732	732	732	733	733	733	733	733	733	733	733	733	733
736	733.863	0.3582727	732	734	733	733	733	734	734	734	734	734	734	734	734	734	734
737	734.863	0.3554678	733	735	734	734	734	735	735	735	735	735	735	735	735	735	735
738	735.854	0.3671768	734	736	735	735	735	736	736	736	736	736	736	736	736	736	736
739	736.872	0.3574126	735	737	736	736	736	737	737	737	737	737	737	737	737	737	737
740	737.861	0.3575008	736	738	737	737	737	738	738	738	738	738	738	738	738	738	738
741	738.892	0.3231725	737	739	738	738	738	739	739	739	739	739	739	739	739	739	739
742	739.863	0.3665588	738	740	739	739	739	740	740	740	740	740	740	740	740	740	740
743	740.889	0.3298299	739	741	740	740	740	741	741	741	741	741	741	741	741	741	741
744	741.877	0.3521292	740	742	741	741	741	742	742	742	742	742	742	742	742	742	742
745	742.882	0.3349451	741	743	742	742	742	743	743	743	743	743	743	743	743	743	743
746	743.87	0.3566893	741	744	743	743	743	744	744	744	744	744	744	744	744	744	744
747	744.864	0.3628163	742	745	744	744	744	745	745	745	745	745	745	745	745	745	745
748	745.864	0.3628163	744	746	745	745	745	746	746	746	746	746	746	746	746	746	746
749	746.897	0.3201461	745	747	746	746	747	747	747	747	747	747	747	747	747	747	747
750	747.885	0.3314889	746	748	747	747	747	748	748	748	748	748	748	748	748	748	748
751	748.872	0.3517666	747	749	748	748	748	749	749	749	749	749	749	749	749	749	749
752	749.875	0.3542605	748	750	749	749	749	750	750	750	750	750	750	750	750	750	750
753	750.862	0.3729545	748	751	750	750	750	751	751	751	751	751	751	751	751	751	751
754	751.838	0.4097852	749	752	751	751	751	752	752	752	752	752	752	752	752	752	752
755	752.886	0.3363289	751	753	752	752	752	753	753	753	753	753	753	753	753	753	753
756	753.872	0.3517666	752	754	753	753	753	754	754	754	754	754	754	754	754	754	754
757	754.868	0.3587544	752	755	754	754	754	755	755	755	755	755	755	755	755	755	755
758	755.86	0.3640502	754	756	755	755	755	756	756	756	756	756	756	756	756	756	756
759	756.877	0.3434953	755	757	756	756	756	757	757	757	757	757	757	757	757	757	757
760	757.884	0.350238	756	758	757	757	757	758	758	758	758	758	758	758	758	758	758
761	758.851	0.3833353	757	759	758	758	758	759	759	759	759	759	759	759	759	759	759
762	759.893	0.3459345	757	760	759	759	760	760	760	760	760	760	760	760	760	760	760
763	760.868	0.3587544	758	761	760	760	760	761	761	761	761	761	761	761	761	761	761
764	761.884	0.3444745	760	762	761	761	761	762	762	762	762	762	762	762	762	762	762
765	762.857	0.3803889	761	763	762	762	762	763	763	763	763	763	763	763	763	763	763
766	763.877	0.3405686	762	764	763	763	763	764	764	764	764	764	764	764	764	764	764
767	764.861	0.3792398	762	765	764	764	764	765	765	765	765	765	765	765	765	765	765
768	765.854	0.3779244	764	766	765	765	765	766	766	766	766	766	766	766	766	766	766
769	766.893	0.3430287	764	767	766	766	767	767	767	767	767	767	767	767	767	767	767
770	767.88	0.3601801	766	768	767	767	767	768	768	768	768	768	768	768	768	768	768
771	768.875	0.3456798	767	769	768	768	768	769	769	769	769	769	769	769	769	769	769
772	769.874	0.382453	766	770	769	769	769	770	770	770	770	770	770	770	770	770	770
773	770.873	0.3449493	769	771	770	770	770	771	771	771	771	771	771	771	771	771	771
774	771.879	0.3412850	770	772	771	771	771	772	772	772	772	772	772	772	772	772	772
775	772.881	0.3506593	771	773	772	772	772	773	773	773	773	773	773	773	773	773	773
776	773.87	0.3566893	772	774	773	773	773	774	774	774	774	774	774	774	774	774	774
777	774.873	0.350705	773	775	774	774	774	775	775	775	775	775	775	775	775	775	775
778	775.872	0.3489094	774	776	775	775	775	776	776	776	776	776	776	776	776	776	776
779	776.873	0.350705	775	777	776	776	776	777	777	777	777	777	777	777	777	777	777
780	777.871	0.3584515	776	778	777	777	777	778	778	778	778	778	778	778	778	778	778
781	778.851	0.3833353	776	779	778	778	778	779	779	779	779	779	779	779	779	779	779
782	779.861	0.3685306	777	780	779	779	779	780	780	780	780	780	780	780	780	780	780
783	780.883	0.3455871	779	781	780	780	780	781	781	781	781	781	781	781	781	781	781
784	781.875	0.3542605	780	782	781	781	781	782	782	782	782	782	782	782	782	782	782
785	782.881	0.3449028	781	783	782	782	782	783	783	783	783	783	783	783	783	783	783
786	783.867	0.3653005	782	784	783	783	783	784	784	784	784	784	784	784	784	784	784
787	784.876	0.3503523	783	785	784	784	784	785	785	785	785	785	785	785	785	785	785
788	785.866	0.3607966	784	786	785	785	785	786	786	786	786	786	786	786	786	786	786
789	786.864	0.3655648	785	787	786	786	786	787	787	787	787	787	787	787	787	787	787
790	787.879	0.3442056	786	788	787	787	787	788	788	788	788	788	788	788	788	788	788
791	788.874	0.3581232	787	789	788	788	788	789	789	789	789	789	789	789	789	789	789
792	789.879	0.3442056	788	790	789	789	789	790	790	790	790	790	790	790	790	790	790
793	790.872	0.3657181	789	791	790	790	790	791	791	791	791	791	791	791	791	791	791
794	791.872	0.3546008	790	792	791	791	791	792	792	792	792	792	792	792	792	792	792
795	792.872	0.3574126	791	793	792	792	792	793	793	793	793	793	793	793	793	793	793
796	793.863	0.3610559	792	794	793	793	793	794	794	794	794	794	794	794	794	794	794
797	794.885	0.3491374	792	795	794	794	794	795	795	795	795	795	795	795	795	795	795
798	795.899	0.3144804	794	796	795	795	796	796	796	796	796	796	796	796	796	796	796
799	796.859	0.3758461	794	797	796	796	796	797	797	797	797	797	797	797	797	797	797
800	797.87	0.3481684	796	798	797	797	797	798	798	798	798	798	798	798	798	798	798
801	798.875	0.3398389	797	799	798	798	798	799	799	799	799	799	799	799	799	799	799
802	799.879	0.3383393	798	800	799	799	799	800	800	800	800	800	800	800	800	800	800
803	800.883	0.3338	799	801	800	800	800	801	801	801	801	801	801	801	801	801	801
804	801.875	0.3456798	799	802	801	801	801	802	802	802	802	802	802	802	802	802	802
805	802.886	0.3508948	801	803	802	802	802	803	803	803	803	803	803	803	803	803	803
806	803.885	0.3404275	802	804	803	803	803	804	804	804	804	804	804	804	804	804	804
807	804.875	0.3653882	802	805	804	804	804	805	805	805	805	805	805	805	805	805	805
808	805.892	0.3412513	804	806	805	805	806	806	806	806	806	806	806	806	806	806	806
809	806.885	0.3433553	805	807	806	806	806	807	807	807	807	807	807	807	807	807	807
810	807.868	0.3670296	805	808	807	807	807	808	808	808	808	808	808	808	808	808	808
811	808.88	0.3460054	807	809	808	808	808	809	809	809	809	809	809	809	809	809	809
812	809.872	0.3574126	808	810	809	809	809	810	810	810	810	810	810	810	810	810	810
813	810.86	0.3801901	808	811	810	810	810	811	811	811	811	811	811	811	811	811	811
814	811.886	0.3363289	810	812	811	811	811	812	812	812	812	812	812	812	812	812	812
815	812.887	0.3381499	811	813	812	812	812	813	813	813	813	813	813	813	813	813	813
816	813.884	0.3386128	812	814	813	813	813	814	814	814	814	814	814	814	814	814	814
817	814.888	0.3249024	813	815	814	814	814	815	815	815	815	815	815	815	815	815	815
818	815.879	0.355648	814	816	815	815	815	816	816	816	816	816	816	816	816	816	816
819	816.879	0.3528222	815	817	816	816	816	817	817	817	817	817	817	817	817	817	817
820	817.885	0.3462584	816	818	817	817	817	818	818	818	818	818	818	818	818	818	818
821	818.871	0.3499735	816	819	818	818	818	819	819	819	819	819	819	819	819	819	819
822	819.878	0.3481914	818	820	819	819	819	820	820	820	820	820	820	820	820	820	820
823	820.869	0.3768036	818	821	820	820	820	821	821	821	821	821	821	821	821	821	821
824	821.873	0.3646971	819	822	821	821	821	822	822	822	822	822	822	822	822	822	822
825	822.873	0.350705	821	823	822	822	822	823	823	823	823	823	823	823	823	823	823
826	823.884	0.3415562	821	824	823	823	823	824	824	824	824	824	824	824	824	824	824
827	824.874	0.3438637	823	825	824	824	824	825	825	825	825	825	825	825	825	825	825
828	825.866	0.3495228	824	826	825	825	825	826	826	826	826	826	826	826	826	826	826
829	826.853	0.3918476	824	827	826	826	826	827	827	827	827	827	827	827	827	827	827
830	827.876	0.3560207	826	828	827	827	827	828	828	828	828	828	828	828	828	828	828
831	828.886	0.3480304	826	829	828	828	828	829	829	829	829	829	829	829	829	829	829
832	829.86	0.3748874	828	830	829	829	829	830	830	830	830	830	830	830	830	830	830
833	830.851	0.3859378	829	831	830	830	830	831	831	831	831	831	831	831	831	831	831
834	831.869	0.3605121	830	832	831	831	831	832	832	832	832	832	832	832	832	832	832
835	832.864	0.3763584	830	833	832	832	832	833	833	833	833	833	833	833	833	833	833
836	833.869	0.3660232	832	834	833	833	833	834	834	834	834	834	834	834	834	834	834
837	834.871	0.3721525	832	835	834	834	834	835	835	835	835	835	835	835	835	835	835
838	835.86	0.3695085	834	836	835	835	835	836	836	836	836	836	836	836	836	836	836
839	836.856	0.3706770	835	837	836	836	836	837	837	837	837	837	837	837	837	837	837
840	837.881	0.3506593	836	838	837	837	837	838	838	838	838	838	838	838	838	838	838
841	838.88	0.3460054	837	839	838	838	838	839	839	839	839	839	839	839	839	839	839
842	839.857	0.3830114	838	840	839	839	839	840	840	840	840	840	840	840	840	840	840
843	840.883	0.3426783	839	841	840	840	840	841	841	841	841	841	841	841	841	841	841
844	841.877	0.3577695	840	842	841	841	841	842	842	842	842	842	842	842	842	842	842
845	842.878	0.3394573	841	843	842	842	842	843	843	843	843	843	843	843	843	843	843
846	843.892	0.3200601	842	844	843	843	843	844	844	844	844	844	844	844	844	844	844
847	844.89	0.3193775	843	845	844	844	844	845	845	845	845	845	845	845	845	845	845
848	845.857	0.3724106	844	846	845	845	845	846	846	846	846	846	846	846	846	846	846
849	846.891	0.3304969	845	847	846	846	846	847	847	847	847	847	847	847	847	847	847
850	847.878	0.3538944	845	848	847	847	847	848	848	848	848	848	848	848	848	848	848
851	848.869	0.3549154	847	849	848	848	848	849	849	849	849	849	849	849	849	849	849
852	849.87	0.3758208	848	850	849	849	849	850	850	850	850	850	850	850	850	850	850
853	850.883	0.3426783	848	851	850	850	850	851	851	851	851	851	851	851	851	851	851
854	851.883	0.3338	850	852	851	851	851	852	852	852	852	852	852	852	852	852	852
855	852.88	0.3517438	849	853	852	852	852	853	853	853	853	853	853	853	853	853	853
856	853.875	0.3456798	852	854	853	853	853	854	854	854	854	854	854	854	854	854	854
857	854.868	0.3670296	852	855	854	854	854	855	855	855	855	855	855	855	855	855	855
858	855.878	0.3453046	853	856	855	855	855	856	856	856	856	856	856	856	856	856	856
859	856.854	0.3831851	855	857	856	856	856	857	857	857	857	857	857	857	857	857	857
860	857.886	0.3303227	856	858	857	857	857	858	858	858	858	858	858	858	858	858	858
861	858.873	0.347839	857	859	858	858	858	859	859	859	859	859	859	859	859	859	859
862	859.886	0.3272783	858	860	859	859	859	860	860	860	860	860	860	860	860	860	860
863	860.883	0.3397446	859	861	860	860	860	861	861	861	861	861	861	861	861	861	861
864	861.863	0.3692795	860	862	861	861	861	862	862	862	862	862	862	862	862	862	862
865	862.879	0.3442056	861	863	862	862	862	863	863	863	863	863	863	863	863	863	863
866	863.872	0.3489094	861	864	863	863	863	864	864	864	864	864	864	864	864	864	864
867	864.887	0.3381499	862	865	864	864	864	865	865	865	865	865	865	865	865	865	865
868	865.883	0.3426783	863	866	865	865	865	866	866	866	866	866	866	866	866	866	866
869	866.869	0.3632781	865	867	866	866	866	867	867	867	867	867	867	867	867	867	867
870	867.863	0.3746617	866	868	867	867	867	868	868	868	868	868	868	868	868	868	868
871	868.864	0.3790088	866	869	868	868	868	869	869	869	869	869	869	869	869	869	869
872	869.882	0.3524205	868	870	869	869	869	870	870	870	870	870	870	870	870	870	870
873	870.884	0.3386128	869	871	870	870	870	871	871	871	871	871	871	871	871	871	871
874	871.878	0.3423934	870	872	871	871	871	872	872	872	872	872	872	872	872	872	872
875	872.875	0.3514235	870	873	872	872	872	873	873	873	873	873	873	873	873	873	873
876	873.881	0.3535024	872	874	873	873	873	874	874	874	874	874	874	874	874	874	874
877	874.859	0.3704811	873	875	874	874	874	875	875	875	875	875	875	875	875	875	875
878	875.854	0.3857886	874	876	875	875	875	876	876	876	876	876	876	876	876	876	876
879	876.865	0.3700161	875	877	876	876	876	877	877	877	877	877	877	877	877	877	877
880	877.875	0.3570749	876	878	877	877	877	878	878	878	878	878	878	878	878	878	878
881	878.892	0.3323348	876	879	878	878	878	879	879	879	879	879	879	879	879	879	879
882	879.877	0.3492750	878	880	879	879	879	880	880	880	880	880	880	880	880	880	880
883	880.871	0.3853667	878	881	880	880	880	881	881	881	881	881	881	881	881	881	881
884	881.885	0.3314889	880	882	881	881	881	882	882	882	882	882	882	882	882	882	882
885	882.873	0.3449493	881	883	882	882	882	883	883	883	883	883	883	883	883	883	883
886	883.871	0.3584515	882	884	883	883	883	884	884	884	884	884	884	884	884	884	884
887	884.896	0.3213834	883	885	884	884	885	885	885	885	885	885	885	885	885	885	885
888	885.873	0.3563678	884	886	885	885	885	886	886	886	886	886	886	886	886	886	886
889	886.867	0.3840032	884	887	886	886	886	887	887	887	887	887	887	887	887	887	887
890	887.883	0.3513324	885	888	887	887	887	888	888	888	888	888	888	888	888	888	888
891	888.88	0.3460054	887	889	888	888	888	889	889	889	889	889	889	889	889	889	889
892	889.872	0.3460285	888	890	889	889	889	890	890	890	890	890	890	890	890	890	890
893	890.875	0.3514235	888	891	890	890	890	891	891	891	891	891	891	891	891	891	891
894	891.871	0.3801362	889	892	891	891	891	892	892	892	892	892	892	892	892	892	892
895	892.885	0.334495	891	893	892	892	892	893	893	893	893	893	893	893	893	893	893
896	893.883	0.3426783	892	894	893	893	893	894	894	894	894	894	894	894	894	894	894
897	894.879	0.3528222	893	895	894	894	894	895	895	895	895	895	895	895	895	895	895
898	895.874	0.3438637	894	896	895	895	895	896	896	896	896	896	896	896	896	896	896
899	896.896	0.3305954	894	897	896	896	897	897	897	897	897	897	897	897	897	897	897
900	897.868	0.3559532	896	898	897	897	897	898	898	898	898	898	898	898	898	898	898
901	898.855	0.3769842	897	899	898	898	898	899	899	899	899	899	899	899	899	899	899
902	899.844	0.3896355	898	900	899	899	899	900	900	900	900	900	900	900	900	900	900
903	900.881	0.3449028	899	901	900	900	900	901	901	901	901	901	901	901	901	901	901
904	901.88	0.3573902	899	902	901	901	901	902	902	902	902	902	902	902	902	902	902
905	902.877	0.3660669	900	903	902	902	902	903	903	903	903	903	903	903	903	903	903
906	903.879	0.3471015	902	904	903	903	903	904	904	904	904	904	904	904	904	904	904
907	904.874	0.3496373	903	905	904	904	904	905	905	905	905	905	905	905	905	905	905
908	905.874	0.3553171	904	906	905	905	905	906	906	906	906	906	906	906	906	906	906
909	906.864	0.3736892	905	907	906	906	906	907	907	907	907	907	907	907	907	907	907
910	907.862	0.3702608	906	908	907	907	907	908	908	908	908	908	908	908	908	908	908
911	908.875	0.3542605	907	909	908	908	908	909	909	909	909	909	909	909	909	909	909
912	909.87	0.3510317	908	910	909	909	909	910	910	910	910	910	910	910	910	910	910
913	910.886	0.3392921	909	911	910	910	910	911	911	911	911	911	911	911	911	911	911
914	911.873	0.3591657	910	912	911	911	911	912	912	912	912	912	912	912	912	912	912
915	912.864	0.3655648	911	913	912	912	912	913	913	913	913	913	913	913	913	913	913
916	913.875	0.3570749	912	914	913	913	913	914	914	914	914	914	914	914	914	914	914
917	914.881	0.3419882	913	915	914	914	914	915	915	915	915	915	915	915	915	915	915
918	915.885	0.3491374	914	916	915	915	915	916	916	916	916	916	916	916	916	916	916
919	916.857	0.3830114	914	917	916	916	916	917	917	917	917	917	917	917	917	917	917
920	917.863	0.3610559	916	918	917	917	917	918	918	918	918	918	918	918	918	918	918
921	918.878	0.3335075	917	919	918	918	918	919	919	919	919	919	919	919	919	919	919
922	919.869	0.3434486	918	920	919	919	919	920	920	920	920	920	920	920	920	920	920
923	920.867	0.3541701	919	921	920	920	920	921	921	921	921	921	921	921	921	921	921
924	921.888	0.3340173	920	922	921	921	921	922	922	922	922	922	922	922	922	922	922
925	922.866	0.3663034	920	923	922	922	922	923	923	923	923	923	923	923	923	923	923
926	923.858	0.3605079	922	924	923	923	923	924	924	924	924	924	924	924	924	924	924
927	924.876	0.3531979	923	925	924	924	924	925	925	925	925	925	925	925	925	925	925
928	925.872	0.3546008	924	926	925	925	925	926	926	926	926	926	926	926	926	926	926
929	926.867	0.3787538	924	927	926	926	926	927	927	927	927	927	927	927	927	927	927
930	927.873	0.3535477	926	928	927	927	927	928	928	928	928	928	928	928	928	928	928
931	928.856	0.3942327	926	929	928	928	928	929	929	929	929	929	929	929	929	929	929
932	929.87	0.3510317	928	930	929	929	929	930	930	930	930	930	930	930	930	930	930
933	930.866	0.3663034	929	931	930	930	930	931	931	931	931	931	931	931	931	931	931
934	931.876	0.3474834	930	932	931	931	931	932	932	932	932	932	932	932	932	932	932
935	932.897	0.3073849	931	933	932	932	932	933	933	933	933	933	933	933	933	933	933
936	933.878	0.3538944	931	934	933	933	933	934	934	934	934	934	934	934	934	934	934
937	934.868	0.3559532	933	935	934	934	934	935	935	935	935	935	935	935	935	935	935
938	935.877	0.3463972	934	936	935	935	935	936	936	936	936	936	936	936	936	936	936
939	936.86	0.3640502	935	937	936	936	936	937	937	937	937	937	937	937	937	937	937
940	937.87	0.3650113	936	938	937	937	937	938	938	938	938	938	938	938	938	938	938
941	938.885	0.3314889	937	939	938	938	938	939	939	939	939	939	939	939	939	939	939
942	939.873	0.347839	938	940	939	939	939	940	940	940	940	940	940	940	940	940	940
943	940.857	0.3882032	939	941	940	940	940	941	941	941	941	941	941	941	941	941	941
944	941.868	0.3670296	940	942	941	941	941	942	942	942	942	942	942	942	942	942	942
945	942.873	0.3535477	941	943	942	942	942	943	943	943	943	943	943	943	943	943	943
946	943.89	0.3346820	942	944	943	943	943	944	944	944	944	944	944	944	944	944	944
947	944.885	0.3433553	943	945	944	944	944	945	945	945	945	945	945	945	945	945	945
948	945.877	0.3605565	943	946	945	945	945	946	946	946	946	946	946	946	946	946	946
949	946.872	0.3489094	945	947	946	946	946	947	947	947	947	947	947	947	947	947	947
950	947.898	0.325118	946	948	947	947	948	948	948	948	948	948	948	948	948	948	948
951	948.866	0.3875490	947	949	948	948	948	949	949	949	949	949	949	949	949	949	949
952	949.873	0.3563678	948	950	949	949	949	950	950	950	950	950	950	950	950	950	950
953	950.877	0.3605565	948	951	950	950	950	951	951	951	951	951	951	951	951	951	951
954	951.877	0.3346386	950	952	951	951	951	952	952	952	952	952	952	952	952	952	952
955	952.891	0.3481957	951	953	952	952	953	953	953	953	953	953	953	953	953	953	953
956	953.878	0.3335075	952	954	953	953	953	954	954	954	954	954	954	954	954	954	954
957	954.882	0.3408698	953	955	954	954	954	955	955	955	955	955	955	955	955	955	955
958	955.877	0.3633222	954	956	955	955	955	956	956	956	956	956	956	956	956	956	956
959	956.854	0.3671768	955	957	956	956	956	957	957	957	957	957	957	957	957	957	957
960	957.87	0.3704554	956	958	957	957	957	958	958	958	958	958	958	958	958	958	958
961	958.88	0.3517438	957	959	958	958	958	959	959	959	959	959	959	959	959	959	959
962	959.853	0.3841075	958	960	959	959	959	960	960	960	960	960	960	960	960	960	960
963	960.904	0.3144565	958	961	960	960	961	961	961	961	961	961	961	961	961	961	961
964	961.847	0.3817548	960	962	961	961	961	962	962	962	962	962	962	962	962	962	962
965	962.887	0.3351766	961	963	962	962	962	963	963	963	963	963	963	963	963	963	963
966	963.853	0.401936	961	964	963	963	963	964	964	964	964	964	964	964	964	964	964
967	964.87	0.3594847	963	965	964	964	964	965	965	965	965	965	965	965	965	965	965
968	965.892	0.3262552	964	966	965	965	965	966	966	966	966	966	966	966	966	966	966
969	966.863	0.3610559	964	967	966	966	966	967	967	967	967	967	967	967	967	967	967
970	967.879	0.3442056	966	968	967	967	967	968	968	968	968	968	968	968	968	968	968
971	968.876	0.3445907	967	969	968	968	968	969	969	969	969	969	969	969	969	969	969
972	969.861	0.3765911	968	970	969	969	969	970	970	970	970	970	970	970	970	970	970
973	970.894	0.3175923	969	971	970	970	970	971	971	971	971	971	971	971	971	971	971
974	971.869	0.3768036	970	972	971	971	971	972	972	972	972	972	972	972	972	972	972
975	972.862	0.3782844	970	973	972	972	972	973	973	973	973	973	973	973	973	973	973
976	973.857	0.385616	972	974	973	973	973	974	974	974	974	974	974	974	974	974	974
977	974.855	0.3822579	973	975	974	974	974	975	975	975	975	975	975	975	975	975	975
978	975.87	0.3704554	973	976	975	975	975	976	976	976	976	976	976	976	976	976	976
979	976.884	0.3326479	975	977	976	976	976	977	977	977	977	977	977	977	977	977	977
980	977.876	0.3503523	976	978	977	977	977	978	978	978	978	978	978	978	978	978	978
981	978.853	0.3814925	977	979	978	978	978	979	979	979	979	979	979	979	979	979	979
982	979.876	0.3531979	978	980	979	979	979	980	980	980	980	980	980	980	980	980	980
983	980.859	0.3731732	979	981	980	980	980	981	981	981	981	981	981	981	981	981	981
984	981.867	0.3597783	979	982	981	981	981	982	982	982	982	982	982	982	982	982	982
985	982.862	0.3756289	981	983	982	982	982	983	983	983	983	983	983	983	983	983	983
986	983.875	0.3542605	981	984	983	983	983	984	984	984	984	984	984	984	984	984	984
987	984.875	0.3570749	983	985	984	984	984	985	985	985	985	985	985	985	985	985	985
988	985.868	0.3531299	984	986	985	985	985	986	986	986	986	986	986	986	986	986	986
989	986.882	0.3466932	985	987	986	986	986	987	987	987	987	987	987	987	987	987	987
990	987.842	0.3989927	985	988	987	987	987	988	988	988	988	988	988	988	988	988	988
991	988.855	0.3848677	986	989	988	988	988	989	989	989	989	989	989	989	989	989	989
992	989.891	0.3335120	988	990	989	989	989	990	990	990	990	990	990	990	990	990	990
993	990.87	0.3538718	989	991	990	990	990	991	991	991	991	991	991	991	991	991	991
994	991.881	0.3390486	990	992	991	991	991	992	992	992	992	992	992	992	992	992	992
995	992.87	0.3758208	991	993	992	992	992	993	993	993	993	993	993	993	993	993	993
996	993.88	0.3401701	991	994	993	993	993	994	994	994	994	994	994	994	994	994	994
997	994.881	0.3591211	993	995	994	994	994	995	995	995	995	995	995	995	995	995	995
998	995.854	0.3671768	994	996	995	995	995	996	996	996	996	996	996	996	996	996	996
999	996.886	0.3392921	994	997	996	996	996	997	997	997	997	997	997	997	997	997	997
1000	997.893	0.340098	996	998	997	997	998	998	998	998	998	998	998	998	998	998	998
