n	avg	sd	min	max	0.02	0.05	0.1	0.2	0.3	0.4	0.5	0.6	0.7	0.8	0.9	0.95	0.97
4	0.689	0.4631344	0	1	0	0	0	0	0	1	1	1	1	1	1	1	1
5	1.592	0.6179951	0	2	0	0	1	1	1	2	2	2	2	2	2	2	2
6	2.635	0.6198057	0	3	1	1	2	2	3	3	3	3	3	3	3	3	3
7	3.637	0.6353225	1	4	2	2	3	3	4	4	4	4	4	4	4	4	4
8	4.711	0.5707931	1	5	3	4	4	4	5	5	5	5	5	5	5	5	5
9	5.726	0.5703063	1	6	4	5	5	5	6	6	6	6	6	6	6	6	6
10	6.758	0.5326535	3	7	5	6	6	6	7	7	7	7	7	7	7	7	7
11	7.75	0.5213173	4	8	6	7	7	7	8	8	8	8	8	8	8	8	8
12	8.767	0.4826427	6	9	7	8	8	8	9	9	9	9	9	9	9	9	9
13	9.8	0.4798231	7	10	8	9	9	10	10	10	10	10	10	10	10	10	10
14	10.81	0.4243584	9	11	10	10	10	11	11	11	11	11	11	11	11	11	11
15	11.817	0.4262543	10	12	11	11	11	12	12	12	12	12	12	12	12	12	12
16	12.795	0.4573666	10	13	11	12	12	13	13	13	13	13	13	13	13	13	13
17	13.821	0.4184903	12	14	13	13	13	14	14	14	14	14	14	14	14	14	14
18	14.832	0.4218459	12	15	14	14	14	15	15	15	15	15	15	15	15	15	15
19	15.818	0.4393963	13	16	14	15	15	16	16	16	16	16	16	16	16	16	16
20	16.851	0.3910907	14	17	16	16	16	17	17	17	17	17	17	17	17	17	17
21	17.841	0.4217783	15	18	17	17	17	18	18	18	18	18	18	18	18	18	18
22	18.826	0.4194042	17	19	18	18	18	19	19	19	19	19	19	19	19	19	19
23	19.845	0.4014177	17	20	19	19	19	20	20	20	20	20	20	20	20	20	20
24	20.828	0.4296517	18	21	20	20	20	21	21	21	21	21	21	21	21	21	21
25	21.868	0.3697468	20	22	21	21	21	22	22	22	22	22	22	22	22	22	22
26	22.85	0.3945322	21	23	22	22	22	23	23	23	23	23	23	23	23	23	23
27	23.835	0.4146649	22	24	23	23	23	24	24	24	24	24	24	24	24	24	24
28	24.836	0.4040634	22	25	24	24	24	25	25	25	25	25	25	25	25	25	25
29	25.851	0.3859378	24	26	25	25	25	26	26	26	26	26	26	26	26	26	26
30	26.859	0.3731732	25	27	26	26	26	27	27	27	27	27	27	27	27	27	27
31	27.854	0.3779244	26	28	27	27	27	28	28	28	28	28	28	28	28	28	28
32	28.872	0.3684450	27	29	28	28	28	29	29	29	29	29	29	29	29	29	29
33	29.835	0.4098084	27	30	29	29	29	30	30	30	30	30	30	30	30	30	30
34	30.849	0.3746189	29	31	30	30	30	31	31	31	31	31	31	31	31	31	31
35	31.846	0.3826623	29	32	31	31	31	32	32	32	32	32	32	32	32	32	32
36	32.86	0.3775481	31	33	32	32	32	33	33	33	33	33	33	33	33	33	33
37	33.859	0.3650373	32	34	33	33	33	34	34	34	34	34	34	34	34	34	34
38	34.873	0.3535477	33	35	34	34	34	35	35	35	35	35	35	35	35	35	35
39	35.869	0.3632781	34	36	35	35	35	36	36	36	36	36	36	36	36	36	36
40	36.839	0.3939978	35	37	36	36	36	37	37	37	37	37	37	37	37	37	37
41	37.857	0.369713	36	38	37	37	37	38	38	38	38	38	38	38	38	38	38
42	38.847	0.4120203	36	39	38	38	38	39	39	39	39	39	39	39	39	39	39
43	39.849	0.3851589	38	40	39	39	39	40	40	40	40	40	40	40	40	40	40
44	40.854	0.369893	38	41	40	40	40	41	41	41	41	41	41	41	41	41	41
45	41.851	0.3936419	39	42	41	41	41	42	42	42	42	42	42	42	42	42	42
46	42.858	0.3660191	41	43	42	42	42	43	43	43	43	43	43	43	43	43	43
47	43.86	0.3748874	41	44	43	43	43	44	44	44	44	44	44	44	44	44	44
48	44.852	0.3717986	43	45	44	44	44	45	45	45	45	45	45	45	45	45	45
49	45.862	0.3620595	44	46	45	45	45	46	46	46	46	46	46	46	46	46	46
50	46.843	0.390517	45	47	46	46	46	47	47	47	47	47	47	47	47	47	47
51	47.856	0.3916854	45	48	47	47	47	48	48	48	48	48	48	48	48	48	48
52	48.877	0.3316338	47	49	48	48	48	49	49	49	49	49	49	49	49	49	49
53	49.871	0.3612333	48	50	49	49	49	50	50	50	50	50	50	50	50	50	50
54	50.865	0.3700161	49	51	50	50	50	51	51	51	51	51	51	51	51	51	51
55	51.864	0.3572557	50	52	51	51	51	52	52	52	52	52	52	52	52	52	52
56	52.87	0.3538718	51	53	52	52	52	53	53	53	53	53	53	53	53	53	53
57	53.849	0.3979414	52	54	53	53	53	54	54	54	54	54	54	54	54	54	54
58	54.872	0.3602024	53	55	54	54	54	55	55	55	55	55	55	55	55	55	55
59	55.874	0.3609075	53	56	55	55	55	56	56	56	56	56	56	56	56	56	56
60	56.853	0.3892847	54	57	56	56	56	57	57	57	57	57	57	57	57	57	57
61	57.857	0.3777482	56	58	57	57	57	58	58	58	58	58	58	58	58	58	58
62	58.856	0.3813259	57	59	58	58	58	59	59	59	59	59	59	59	59	59	59
63	59.875	0.3427718	58	60	59	59	59	60	60	60	60	60	60	60	60	60	60
64	60.881	0.3360833	59	61	60	60	60	61	61	61	61	61	61	61	61	61	61
65	61.877	0.3577695	59	62	61	61	61	62	62	62	62	62	62	62	62	62	62
66	62.869	0.3632781	60	63	62	62	62	63	63	63	63	63	63	63	63	63	63
67	63.859	0.3785	61	64	63	63	63	64	64	64	64	64	64	64	64	64	64
68	64.861	0.3712369	63	65	64	64	64	65	65	65	65	65	65	65	65	65	65
69	65.857	0.385616	64	66	65	65	65	66	66	66	66	66	66	66	66	66	66
70	66.866	0.369026	64	67	66	66	66	67	67	67	67	67	67	67	67	67	67
71	67.857	0.3614992	66	68	67	67	67	68	68	68	68	68	68	68	68	68	68
72	68.866	0.3635604	67	69	68	68	68	69	69	69	69	69	69	69	69	69	69
73	69.874	0.3524886	68	70	69	69	69	70	70	70	70	70	70	70	70	70	70
74	70.877	0.3521292	69	71	70	70	70	71	71	71	71	71	71	71	71	71	71
75	71.882	0.3319430	70	72	71	71	71	72	72	72	72	72	72	72	72	72	72
76	72.878	0.3510545	70	73	72	72	72	73	73	73	73	73	73	73	73	73	73
77	73.883	0.3541701	72	74	73	73	73	74	74	74	74	74	74	74	74	74	74
78	74.854	0.3779244	73	75	74	74	74	75	75	75	75	75	75	75	75	75	75
79	75.874	0.3581232	74	76	75	75	75	76	76	76	76	76	76	76	76	76	76
80	76.871	0.355648	75	77	76	76	76	77	77	77	77	77	77	77	77	77	77
81	77.863	0.3719803	75	78	77	77	77	78	78	78	78	78	78	78	78	78	78
82	78.869	0.3632781	76	79	78	78	78	79	79	79	79	79	79	79	79	79	79
83	79.861	0.3602899	78	80	79	79	79	80	80	80	80	80	80	80	80	80	80
84	80.855	0.3874598	78	81	80	80	80	81	81	81	81	81	81	81	81	81	81
85	81.867	0.3597783	80	82	81	81	81	82	82	82	82	82	82	82	82	82	82
86	82.866	0.3552044	81	83	82	82	82	83	83	83	83	83	83	83	83	83	83
87	83.877	0.3714956	81	84	83	83	83	84	84	84	84	84	84	84	84	84	84
88	84.87	0.3538718	83	85	84	84	84	85	85	85	85	85	85	85	85	85	85
89	85.864	0.3763584	83	86	85	85	85	86	86	86	86	86	86	86	86	86	86
90	86.851	0.3807150	85	87	86	86	86	87	87	87	87	87	87	87	87	87	87
91	87.857	0.385616	85	88	87	87	87	88	88	88	88	88	88	88	88	88	88
92	88.87	0.3622585	87	89	88	88	88	89	89	89	89	89	89	89	89	89	89
93	89.865	0.3673008	88	90	89	89	89	90	90	90	90	90	90	90	90	90	90
94	90.866	0.369026	88	91	90	90	90	91	91	91	91	91	91	91	91	91	91
95	91.858	0.3714485	90	92	91	91	91	92	92	92	92	92	92	92	92	92	92
96	92.879	0.3528222	91	93	92	92	92	93	93	93	93	93	93	93	93	93	93
97	93.878	0.3567117	92	94	93	93	93	94	94	94	94	94	94	94	94	94	94
98	94.843	0.3981325	93	95	94	94	94	95	95	95	95	95	95	95	95	95	95
99	95.873	0.3646971	93	96	95	95	95	96	96	96	96	96	96	96	96	96	96
100	96.854	0.3857886	95	97	96	96	96	97	97	97	97	97	97	97	97	97	97
101	97.862	0.3702608	96	98	97	97	97	98	98	98	98	98	98	98	98	98	98
102	98.855	0.3796302	97	99	98	98	98	99	99	99	99	99	99	99	99	99	99
103	99.868	0.3615338	98	100	99	99	99	100	100	100	100	100	100	100	100	100	100
104	100.867	0.3513324	98	101	100	100	100	101	101	101	101	101	101	101	101	101	101
105	101.876	0.3503523	100	102	101	101	101	102	102	102	102	102	102	102	102	102	102
106	102.889	0.3358449	101	103	102	102	102	103	103	103	103	103	103	103	103	103	103
107	103.879	0.3499735	101	104	103	103	103	104	104	104	104	104	104	104	104	104	104
108	104.865	0.3562329	103	105	104	104	104	105	105	105	105	105	105	105	105	105	105
109	105.861	0.3739235	104	106	105	105	105	106	106	106	106	106	106	106	106	106	106
110	106.871	0.3528222	105	107	106	106	106	107	107	107	107	107	107	107	107	107	107
111	107.881	0.3300726	106	108	107	107	107	108	108	108	108	108	108	108	108	108	108
112	108.877	0.3521292	107	109	108	108	108	109	109	109	109	109	109	109	109	109	109
113	109.876	0.3474834	108	110	109	109	109	110	110	110	110	110	110	110	110	110	110
114	110.873	0.3646971	109	111	110	110	110	111	111	111	111	111	111	111	111	111	111
115	111.886	0.3303227	110	112	111	111	111	112	112	112	112	112	112	112	112	112	112
116	112.858	0.3767997	110	113	112	112	112	113	113	113	113	113	113	113	113	113	113
117	113.873	0.3646971	111	114	113	113	113	114	114	114	114	114	114	114	114	114	114
118	114.874	0.3553171	112	115	114	114	114	115	115	115	115	115	115	115	115	115	115
119	115.851	0.3885228	114	116	115	115	115	116	116	116	116	116	116	116	116	116	116
120	116.885	0.3404275	115	117	116	116	116	117	117	117	117	117	117	117	117	117	117
121	117.865	0.3700161	115	118	117	117	117	118	118	118	118	118	118	118	118	118	118
122	118.881	0.3535024	116	119	118	118	118	119	119	119	119	119	119	119	119	119	119
123	119.864	0.3516072	118	120	119	119	119	120	120	120	120	120	120	120	120	120	120
124	120.874	0.3553171	119	121	120	120	120	121	121	121	121	121	121	121	121	121	121
125	121.878	0.3510545	120	122	121	121	121	122	122	122	122	122	122	122	122	122	122
126	122.856	0.3916854	120	123	122	122	122	123	123	123	123	123	123	123	123	123	123
127	123.864	0.3682929	121	124	123	123	123	124	124	124	124	124	124	124	124	124	124
128	124.867	0.3787538	122	125	124	124	124	125	125	125	125	125	125	125	125	125	125
129	125.885	0.3404275	124	126	125	125	125	126	126	126	126	126	126	126	126	126	126
130	126.88	0.3573902	124	127	126	126	126	127	127	127	127	127	127	127	127	127	127
131	127.865	0.3780449	126	128	127	127	127	128	128	128	128	128	128	128	128	128	128
132	128.875	0.3514235	127	129	128	128	128	129	129	129	129	129	129	129	129	129	129
133	129.874	0.3496373	128	130	129	129	129	130	130	130	130	130	130	130	130	130	130
134	130.855	0.3874598	129	131	130	130	130	131	131	131	131	131	131	131	131	131	131
135	131.85	0.3894248	129	132	131	131	131	132	132	132	132	132	132	132	132	132	132
136	132.861	0.3739235	130	133	132	132	132	133	133	133	133	133	133	133	133	133	133
137	133.88	0.3545782	131	134	133	133	133	134	134	134	134	134	134	134	134	134	134
138	134.872	0.3574126	133	135	134	134	134	135	135	135	135	135	135	135	135	135	135
139	135.881	0.3419882	134	136	135	135	135	136	136	136	136	136	136	136	136	136	136
140	136.892	0.3293090	135	137	136	136	136	137	137	137	137	137	137	137	137	137	137
141	137.869	0.3577247	136	138	137	137	137	138	138	138	138	138	138	138	138	138	138
142	138.889	0.3358449	136	139	138	138	138	139	139	139	139	139	139	139	139	139	139
143	139.878	0.3481914	138	140	139	139	139	140	140	140	140	140	140	140	140	140	140
144	140.855	0.3769842	139	141	140	140	140	141	141	141	141	141	141	141	141	141	141
145	141.874	0.3438637	140	142	141	141	141	142	142	142	142	142	142	142	142	142	142
146	142.878	0.3453046	141	143	142	142	142	143	143	143	143	143	143	143	143	143	143
147	143.863	0.3719803	142	144	143	143	143	144	144	144	144	144	144	144	144	144	144
148	144.877	0.3434953	143	145	144	144	144	145	145	145	145	145	145	145	145	145	145
149	145.893	0.3371419	143	146	145	145	146	146	146	146	146	146	146	146	146	146	146
150	146.875	0.3598673	145	147	146	146	146	147	147	147	147	147	147	147	147	147	147
151	147.864	0.3655648	146	148	147	147	147	148	148	148	148	148	148	148	148	148	148
152	148.873	0.3646971	147	149	148	148	148	149	149	149	149	149	149	149	149	149	149
153	149.869	0.3687478	147	150	149	149	149	150	150	150	150	150	150	150	150	150	150
154	150.872	0.3629707	148	151	150	150	150	151	151	151	151	151	151	151	151	151	151
155	151.877	0.3434953	150	152	151	151	151	152	152	152	152	152	152	152	152	152	152
156	152.868	0.3587544	151	153	152	152	152	153	153	153	153	153	153	153	153	153	153
157	153.851	0.3910907	151	154	153	153	153	154	154	154	154	154	154	154	154	154	154
158	154.869	0.3577247	153	155	154	154	154	155	155	155	155	155	155	155	155	155	155
159	155.866	0.3523750	154	156	155	155	155	156	156	156	156	156	156	156	156	156	156
160	156.87	0.3622585	155	157	156	156	156	157	157	157	157	157	157	157	157	157	157
161	157.842	0.3810265	156	158	157	157	157	158	158	158	158	158	158	158	158	158	158
162	158.871	0.355648	156	159	158	158	158	159	159	159	159	159	159	159	159	159	159
163	159.875	0.3514235	158	160	159	159	159	160	160	160	160	160	160	160	160	160	160
164	160.879	0.3412850	159	161	160	160	160	161	161	161	161	161	161	161	161	161	161
165	161.852	0.3797897	160	162	161	161	161	162	162	162	162	162	162	162	162	162	162
166	162.864	0.3736892	161	163	162	162	162	163	163	163	163	163	163	163	163	163	163
167	163.867	0.3569852	162	164	163	163	163	164	164	164	164	164	164	164	164	164	164
168	164.876	0.3416734	163	165	164	164	164	165	165	165	165	165	165	165	165	165	165
169	165.868	0.3615338	164	166	165	165	165	166	166	166	166	166	166	166	166	166	166
170	166.861	0.3818702	164	167	166	166	166	167	167	167	167	167	167	167	167	167	167
171	167.871	0.3584515	166	168	167	167	167	168	168	168	168	168	168	168	168	168	168
172	168.872	0.3574126	166	169	168	168	168	169	169	169	169	169	169	169	169	169	169
173	169.875	0.3542605	168	170	169	169	169	170	170	170	170	170	170	170	170	170	170
174	170.852	0.3797897	169	171	170	170	170	171	171	171	171	171	171	171	171	171	171
175	171.874	0.3609075	169	172	171	171	171	172	172	172	172	172	172	172	172	172	172
176	172.881	0.3419882	171	173	172	172	172	173	173	173	173	173	173	173	173	173	173
177	173.881	0.3360833	172	174	173	173	173	174	174	174	174	174	174	174	174	174	174
178	174.877	0.3434953	173	175	174	174	174	175	175	175	175	175	175	175	175	175	175
179	175.881	0.3449028	174	176	175	175	175	176	176	176	176	176	176	176	176	176	176
180	176.869	0.3463509	175	177	176	176	176	177	177	177	177	177	177	177	177	177	177
181	177.881	0.3419882	175	178	177	177	177	178	178	178	178	178	178	178	178	178	178
182	178.878	0.3595069	176	179	178	178	178	179	179	179	179	179	179	179	179	179	179
183	179.856	0.3865403	178	180	179	179	179	180	180	180	180	180	180	180	180	180	180
184	180.876	0.364358	178	181	180	180	180	181	181	181	181	181	181	181	181	181	181
185	181.873	0.3535477	180	182	181	181	181	182	182	182	182	182	182	182	182	182	182
186	182.869	0.3549154	181	183	182	182	182	183	183	183	183	183	183	183	183	183	183
187	183.888	0.3310069	182	184	183	183	183	184	184	184	184	184	184	184	184	184	184
188	184.888	0.3340173	183	185	184	184	184	185	185	185	185	185	185	185	185	185	185
189	185.879	0.3353677	184	186	185	185	185	186	186	186	186	186	186	186	186	186	186
190	186.862	0.3756289	185	187	186	186	186	187	187	187	187	187	187	187	187	187	187
191	187.87	0.3677434	186	188	187	187	187	188	188	188	188	188	188	188	188	188	188
192	188.887	0.3321767	187	189	188	188	188	189	189	189	189	189	189	189	189	189	189
193	189.86	0.3695085	188	190	189	189	189	190	190	190	190	190	190	190	190	190	190
194	190.876	0.3445907	189	191	190	190	190	191	191	191	191	191	191	191	191	191	191
195	191.875	0.3456798	190	192	191	191	191	192	192	192	192	192	192	192	192	192	192
196	192.868	0.3724442	190	193	192	192	192	193	193	193	193	193	193	193	193	193	193
197	193.885	0.3404275	192	194	193	193	193	194	194	194	194	194	194	194	194	194	194
198	194.875	0.3456798	193	195	194	194	194	195	195	195	195	195	195	195	195	195	195
199	195.888	0.345797	193	196	195	195	195	196	196	196	196	196	196	196	196	196	196
200	196.86	0.3931343	194	197	196	196	196	197	197	197	197	197	197	197	197	197	197
201	197.858	0.3767997	195	198	197	197	197	198	198	198	198	198	198	198	198	198	198
202	198.87	0.3704554	196	199	198	198	198	199	199	199	199	199	199	199	199	199	199
203	199.874	0.3664127	198	200	199	199	199	200	200	200	200	200	200	200	200	200	200
204	200.865	0.3753877	199	201	200	200	200	201	201	201	201	201	201	201	201	201	201
205	201.893	0.3250487	200	202	201	201	201	202	202	202	202	202	202	202	202	202	202
206	202.875	0.3398389	201	203	202	202	202	203	203	203	203	203	203	203	203	203	203
207	203.865	0.3673008	202	204	203	203	203	204	204	204	204	204	204	204	204	204	204
208	204.886	0.3333393	203	205	204	204	204	205	205	205	205	205	205	205	205	205	205
209	205.886	0.3480304	204	206	205	205	205	206	206	206	206	206	206	206	206	206	206
210	206.88	0.334233	205	207	206	206	206	207	207	207	207	207	207	207	207	207	207
211	207.865	0.3806835	205	208	207	207	207	208	208	208	208	208	208	208	208	208	208
212	208.883	0.3513324	207	209	208	208	208	209	209	209	209	209	209	209	209	209	209
213	209.86	0.3695085	208	210	209	209	209	210	210	210	210	210	210	210	210	210	210
214	210.864	0.3736892	208	211	210	210	210	211	211	211	211	211	211	211	211	211	211
215	211.875	0.3485635	210	212	211	211	211	212	212	212	212	212	212	212	212	212	212
216	212.844	0.3896355	211	213	212	212	212	213	213	213	213	213	213	213	213	213	213
217	213.854	0.3934957	211	214	213	213	213	214	214	214	214	214	214	214	214	214	214
218	214.876	0.3445907	213	215	214	214	214	215	215	215	215	215	215	215	215	215	215
219	215.883	0.3397446	214	216	215	215	215	216	216	216	216	216	216	216	216	216	216
220	216.886	0.3392921	215	217	216	216	216	217	217	217	217	217	217	217	217	217	217
221	217.869	0.3549154	216	218	217	217	217	218	218	218	218	218	218	218	218	218	218
222	218.874	0.3553171	217	219	218	218	218	219	219	219	219	219	219	219	219	219	219
223	219.863	0.382593	218	220	219	219	219	220	220	220	220	220	220	220	220	220	220
224	220.873	0.361942	219	221	220	220	220	221	221	221	221	221	221	221	221	221	221
225	221.874	0.3409402	220	222	221	221	221	222	222	222	222	222	222	222	222	222	222
226	222.871	0.3639938	221	223	222	222	222	223	223	223	223	223	223	223	223	223	223
227	223.874	0.3467625	222	224	223	223	223	224	224	224	224	224	224	224	224	224	224
228	224.868	0.3615338	223	225	224	224	224	225	225	225	225	225	225	225	225	225	225
229	225.878	0.3510545	224	226	225	225	225	226	226	226	226	226	226	226	226	226	226
230	226.878	0.3453046	225	227	226	226	226	227	227	227	227	227	227	227	227	227	227
231	227.888	0.3279688	226	228	227	227	227	228	228	228	228	228	228	228	228	228	228
232	228.899	0.3207833	227	229	228	228	229	229	229	229	229	229	229	229	229	229	229
233	229.854	0.3779244	228	230	229	229	229	230	230	230	230	230	230	230	230	230	230
234	230.877	0.3577695	229	231	230	230	230	231	231	231	231	231	231	231	231	231	231
235	231.886	0.3333393	230	232	231	231	231	232	232	232	232	232	232	232	232	232	232
236	232.877	0.3492750	231	233	232	232	232	233	233	233	233	233	233	233	233	233	233
237	233.852	0.3771449	232	234	233	233	233	234	234	234	234	234	234	234	234	234	234
238	234.861	0.3792398	232	235	234	234	234	235	235	235	235	235	235	235	235	235	235
239	235.875	0.3708268	233	236	235	235	235	236	236	236	236	236	236	236	236	236	236
240	236.891	0.3243828	235	237	236	236	236	237	237	237	237	237	237	237	237	237	237
241	237.879	0.3499735	236	238	237	237	237	238	238	238	238	238	238	238	238	238	238
242	238.877	0.3521292	236	239	238	238	238	239	239	239	239	239	239	239	239	239	239
243	239.861	0.3712369	238	240	239	239	239	240	240	240	240	240	240	240	240	240	240
244	240.873	0.3420351	239	241	240	240	240	241	241	241	241	241	241	241	241	241	241
245	241.878	0.3538944	239	242	241	241	241	242	242	242	242	242	242	242	242	242	242
246	242.862	0.3592841	241	243	242	242	242	243	243	243	243	243	243	243	243	243	243
247	243.862	0.3702608	242	244	243	243	243	244	244	244	244	244	244	244	244	244	244
248	244.866	0.3663034	243	245	244	244	244	245	245	245	245	245	245	245	245	245	245
249	245.871	0.3748326	243	246	245	245	245	246	246	246	246	246	246	246	246	246	246
250	246.854	0.3644404	245	247	246	246	246	247	247	247	247	247	247	247	247	247	247
251	247.888	0.3249024	246	248	247	247	247	248	248	248	248	248	248	248	248	248	248
252	248.874	0.3467625	247	249	248	248	248	249	249	249	249	249	249	249	249	249	249
253	249.877	0.3492750	248	250	249	249	249	250	250	250	250	250	250	250	250	250	250
254	250.886	0.3272783	249	251	250	250	250	251	251	251	251	251	251	251	251	251	251
255	251.874	0.3581232	250	252	251	251	251	252	252	252	252	252	252	252	252	252	252
256	252.869	0.3605121	250	253	252	252	252	253	253	253	253	253	253	253	253	253	253
257	253.87	0.3650113	251	254	253	253	253	254	254	254	254	254	254	254	254	254	254
258	254.88	0.3545782	253	255	254	254	254	255	255	255	255	255	255	255	255	255	255
259	255.879	0.3499735	254	256	255	255	255	256	256	256	256	256	256	256	256	256	256
260	256.859	0.3704811	254	257	256	256	256	257	257	257	257	257	257	257	257	257	257
261	257.886	0.3508948	255	258	257	257	257	258	258	258	258	258	258	258	258	258	258
262	258.859	0.3837529	256	259	258	258	258	259	259	259	259	259	259	259	259	259	259
263	259.861	0.3792398	257	260	259	259	259	260	260	260	260	260	260	260	260	260	260
264	260.883	0.3338	259	261	260	260	260	261	261	261	261	261	261	261	261	261	261
265	261.888	0.345797	260	262	261	261	261	262	262	262	262	262	262	262	262	262	262
266	262.845	0.3887494	260	263	262	262	262	263	263	263	263	263	263	263	263	263	263
267	263.869	0.3632781	262	264	263	263	263	264	264	264	264	264	264	264	264	264	264
268	264.866	0.3552044	263	265	264	264	264	265	265	265	265	265	265	265	265	265	265
269	265.866	0.3495228	264	266	265	265	265	266	266	266	266	266	266	266	266	266	266
270	266.89	0.3316776	265	267	266	266	266	267	267	267	267	267	267	267	267	267	267
271	267.866	0.369026	266	268	267	267	267	268	268	268	268	268	268	268	268	268	268
272	268.865	0.3700161	266	269	268	268	268	269	269	269	269	269	269	269	269	269	269
273	269.871	0.3612333	268	270	269	269	269	270	270	270	270	270	270	270	270	270	270
274	270.873	0.3535477	269	271	270	270	270	271	271	271	271	271	271	271	271	271	271
275	271.879	0.3528222	270	272	271	271	271	272	272	272	272	272	272	272	272	272	272
276	272.868	0.3502837	271	273	272	272	272	273	273	273	273	273	273	273	273	273	273
277	273.873	0.3535477	272	274	273	273	273	274	274	274	274	274	274	274	274	274	274
278	274.881	0.3419882	273	275	274	274	274	275	275	275	275	275	275	275	275	275	275
279	275.892	0.3323348	274	276	275	275	275	276	276	276	276	276	276	276	276	276	276
280	276.877	0.3463972	275	277	276	276	276	277	277	277	277	277	277	277	277	277	277
281	277.887	0.3291494	276	278	277	277	277	278	278	278	278	278	278	278	278	278	278
282	278.876	0.3560207	277	279	278	278	278	279	279	279	279	279	279	279	279	279	279
283	279.874	0.3496373	278	280	279	279	279	280	280	280	280	280	280	280	280	280	280
284	280.892	0.3262552	279	281	280	280	280	281	281	281	281	281	281	281	281	281	281
285	281.867	0.3625499	280	282	281	281	281	282	282	282	282	282	282	282	282	282	282
286	282.878	0.3394573	281	283	282	282	282	283	283	283	283	283	283	283	283	283	283
287	283.885	0.3314889	282	284	283	283	283	284	284	284	284	284	284	284	284	284	284
288	284.875	0.3598673	283	285	284	284	284	285	285	285	285	285	285	285	285	285	285
289	285.872	0.3629707	284	286	285	285	285	286	286	286	286	286	286	286	286	286	286
290	286.875	0.3542605	284	287	286	286	286	287	287	287	287	287	287	287	287	287	287
291	287.866	0.3717286	286	288	287	287	287	288	288	288	288	288	288	288	288	288	288
292	288.88	0.3488864	286	289	288	288	288	289	289	289	289	289	289	289	289	289	289
293	289.882	0.3437938	288	290	289	289	289	290	290	290	290	290	290	290	290	290	290
294	290.856	0.3733677	289	291	290	290	290	291	291	291	291	291	291	291	291	291	291
295	291.853	0.3892847	289	292	291	291	291	292	292	292	292	292	292	292	292	292	292
296	292.879	0.3471015	290	293	292	292	292	293	293	293	293	293	293	293	293	293	293
297	293.884	0.3356436	292	294	293	293	293	294	294	294	294	294	294	294	294	294	294
298	294.862	0.3564871	293	295	294	294	294	295	295	295	295	295	295	295	295	295	295
299	295.857	0.3777482	294	296	295	295	295	296	296	296	296	296	296	296	296	296	296
300	296.868	0.3559532	295	297	296	296	296	297	297	297	297	297	297	297	297	297	297
301	297.879	0.3412850	296	298	297	297	297	298	298	298	298	298	298	298	298	298	298
302	298.894	0.3299589	297	299	298	298	299	299	299	299	299	299	299	299	299	299	299
303	299.894	0.3238346	298	300	299	299	299	300	300	300	300	300	300	300	300	300	300
304	300.874	0.3524886	299	301	300	300	300	301	301	301	301	301	301	301	301	301	301
305	301.874	0.3438637	300	302	301	301	301	302	302	302	302	302	302	302	302	302	302
306	302.852	0.3771449	301	303	302	302	302	303	303	303	303	303	303	303	303	303	303
307	303.862	0.3782844	302	304	303	303	303	304	304	304	304	304	304	304	304	304	304
308	304.868	0.3615338	302	305	304	304	304	305	305	305	305	305	305	305	305	305	305
309	305.868	0.3642921	304	306	305	305	305	306	306	306	306	306	306	306	306	306	306
310	306.854	0.3883746	304	307	306	306	306	307	307	307	307	307	307	307	307	307	307
311	307.876	0.3616003	306	308	307	307	307	308	308	308	308	308	308	308	308	308	308
312	308.884	0.3356436	306	309	308	308	308	309	309	309	309	309	309	309	309	309	309
313	309.885	0.3284553	308	310	309	309	309	310	310	310	310	310	310	310	310	310	310
314	310.874	0.3524886	309	311	310	310	310	311	311	311	311	311	311	311	311	311	311
315	311.878	0.3423934	310	312	311	311	311	312	312	312	312	312	312	312	312	312	312
316	312.872	0.3574126	311	313	312	312	312	313	313	313	313	313	313	313	313	313	313
317	313.898	0.3220244	311	314	313	313	314	314	314	314	314	314	314	314	314	314	314
318	314.874	0.3467625	313	315	314	314	314	315	315	315	315	315	315	315	315	315	315
319	315.87	0.3594847	314	316	315	315	315	316	316	316	316	316	316	316	316	316	316
320	316.873	0.3591657	315	317	316	316	316	317	317	317	317	317	317	317	317	317	317
321	317.863	0.3610559	316	318	317	317	317	318	318	318	318	318	318	318	318	318	318
322	318.87	0.3566893	316	319	318	318	318	319	319	319	319	319	319	319	319	319	319
323	319.847	0.3791236	318	320	319	319	319	320	320	320	320	320	320	320	320	320	320
324	320.861	0.3792398	318	321	320	320	320	321	321	321	321	321	321	321	321	321	321
325	321.882	0.3319430	320	322	321	321	321	322	322	322	322	322	322	322	322	322	322
326	322.874	0.3691345	320	323	322	322	322	323	323	323	323	323	323	323	323	323	323
327	323.864	0.3710009	322	324	323	323	323	324	324	324	324	324	324	324	324	324	324
328	324.878	0.3704771	321	325	324	324	324	325	325	325	325	325	325	325	325	325	325
329	325.886	0.3272783	324	326	325	325	325	326	326	326	326	326	326	326	326	326	326
330	326.872	0.3711519	324	327	326	326	326	327	327	327	327	327	327	327	327	327	327
331	327.868	0.3724442	326	328	327	327	327	328	328	328	328	328	328	328	328	328	328
332	328.882	0.3408698	327	329	328	328	328	329	329	329	329	329	329	329	329	329	329
333	329.854	0.3857886	327	330	329	329	329	330	330	330	330	330	330	330	330	330	330
334	330.883	0.3513324	328	331	330	330	330	331	331	331	331	331	331	331	331	331	331
335	331.888	0.345797	330	332	331	331	331	332	332	332	332	332	332	332	332	332	332
336	332.88	0.3517438	330	333	332	332	332	333	333	333	333	333	333	333	333	333	333
337	333.863	0.3719803	332	334	333	333	333	334	334	334	334	334	334	334	334	334	334
338	334.867	0.3513324	333	335	334	334	334	335	335	335	335	335	335	335	335	335	335
339	335.866	0.3770758	334	336	335	335	335	336	336	336	336	336	336	336	336	336	336
340	336.872	0.3657181	335	337	336	336	336	337	337	337	337	337	337	337	337	337	337
341	337.886	0.3422296	336	338	337	337	337	338	338	338	338	338	338	338	338	338	338
342	338.876	0.3445907	337	339	338	338	338	339	339	339	339	339	339	339	339	339	339
343	339.868	0.3559532	338	340	339	339	339	340	340	340	340	340	340	340	340	340	340
344	340.888	0.3310069	339	341	340	340	340	341	341	341	341	341	341	341	341	341	341
345	341.889	0.3504309	340	342	341	341	342	342	342	342	342	342	342	342	342	342	342
346	342.878	0.3538944	341	343	342	342	342	343	343	343	343	343	343	343	343	343	343
347	343.87	0.3650113	341	344	343	343	343	344	344	344	344	344	344	344	344	344	344
348	344.869	0.3846908	341	345	344	344	344	345	345	345	345	345	345	345	345	345	345
349	345.889	0.3298299	344	346	345	345	345	346	346	346	346	346	346	346	346	346	346
350	346.874	0.3553171	344	347	346	346	346	347	347	347	347	347	347	347	347	347	347
351	347.869	0.3632781	346	348	347	347	347	348	348	348	348	348	348	348	348	348	348
352	348.886	0.3333393	347	349	348	348	348	349	349	349	349	349	349	349	349	349	349
353	349.898	0.3093407	348	350	349	349	349	350	350	350	350	350	350	350	350	350	350
354	350.867	0.3625499	349	351	350	350	350	351	351	351	351	351	351	351	351	351	351
355	351.884	0.3530845	350	352	351	351	351	352	352	352	352	352	352	352	352	352	352
356	352.867	0.3653005	351	353	352	352	352	353	353	353	353	353	353	353	353	353	353
357	353.876	0.3445907	352	354	353	353	353	354	354	354	354	354	354	354	354	354	354
358	354.872	0.3517666	353	355	354	354	354	355	355	355	355	355	355	355	355	355	355
359	355.861	0.3712369	354	356	355	355	355	356	356	356	356	356	356	356	356	356	356
360	356.87	0.3622585	355	357	356	356	356	357	357	357	357	357	357	357	357	357	357
361	357.892	0.3323348	356	358	357	357	357	358	358	358	358	358	358	358	358	358	358
362	358.879	0.3471015	357	359	358	358	358	359	359	359	359	359	359	359	359	359	359
363	359.893	0.3250487	358	360	359	359	359	360	360	360	360	360	360	360	360	360	360
364	360.874	0.3524886	359	361	360	360	360	361	361	361	361	361	361	361	361	361	361
365	361.884	0.3444745	359	362	361	361	361	362	362	362	362	362	362	362	362	362	362
366	362.865	0.3673008	361	363	362	362	362	363	363	363	363	363	363	363	363	363	363
367	363.875	0.3653882	362	364	363	363	363	364	364	364	364	364	364	364	364	364	364
368	364.878	0.3364955	363	365	364	364	364	365	365	365	365	365	365	365	365	365	365
369	365.88	0.3431002	364	366	365	365	365	366	366	366	366	366	366	366	366	366	366
370	366.88	0.3431002	365	367	366	366	366	367	367	367	367	367	367	367	367	367	367
371	367.888	0.3486798	365	368	367	367	367	368	368	368	368	368	368	368	368	368	368
372	368.87	0.3594847	366	369	368	368	368	369	369	369	369	369	369	369	369	369	369
373	369.864	0.3516072	368	370	369	369	369	370	370	370	370	370	370	370	370	370	370
374	370.877	0.3405686	369	371	370	370	370	371	371	371	371	371	371	371	371	371	371
375	371.87	0.3677434	370	372	371	371	371	372	372	372	372	372	372	372	372	372	372
376	372.875	0.3485635	370	373	372	372	372	373	373	373	373	373	373	373	373	373	373
377	373.893	0.3341596	372	374	373	373	374	374	374	374	374	374	374	374	374	374	374
378	374.874	0.3467625	373	375	374	374	374	375	375	375	375	375	375	375	375	375	375
379	375.893	0.3250487	374	376	375	375	375	376	376	376	376	376	376	376	376	376	376
380	376.864	0.3655648	375	377	376	376	376	377	377	377	377	377	377	377	377	377	377
381	377.857	0.3614992	376	378	377	377	377	378	378	378	378	378	378	378	378	378	378
382	378.883	0.3397446	377	379	378	378	378	379	379	379	379	379	379	379	379	379	379
383	379.875	0.3626383	377	380	379	379	379	380	380	380	380	380	380	380	380	380	380
384	380.867	0.3653005	378	381	380	380	380	381	381	381	381	381	381	381	381	381	381
385	381.874	0.3496373	380	382	381	381	381	382	382	382	382	382	382	382	382	382	382
386	382.869	0.3714525	379	383	382	382	382	383	383	383	383	383	383	383	383	383	383
387	383.869	0.3577247	382	384	383	383	383	384	384	384	384	384	384	384	384	384	384
388	384.873	0.3563678	383	385	384	384	384	385	385	385	385	385	385	385	385	385	385
389	385.877	0.3463972	384	386	385	385	385	386	386	386	386	386	386	386	386	386	386
390	386.862	0.3809214	384	387	386	386	386	387	387	387	387	387	387	387	387	387	387
391	387.862	0.3648138	386	388	387	387	387	388	388	388	388	388	388	388	388	388	388
392	388.871	0.3528222	387	389	388	388	388	389	389	389	389	389	389	389	389	389	389
393	389.878	0.3595069	387	390	389	389	389	390	390	390	390	390	390	390	390	390	390
394	390.866	0.3607966	389	391	390	390	390	391	391	391	391	391	391	391	391	391	391
395	391.867	0.3625499	390	392	391	391	391	392	392	392	392	392	392	392	392	392	392
396	392.883	0.3397446	390	393	392	392	392	393	393	393	393	393	393	393	393	393	393
397	393.874	0.3581232	391	394	393	393	393	394	394	394	394	394	394	394	394	394	394
398	394.884	0.3473682	393	395	394	394	394	395	395	395	395	395	395	395	395	395	395
399	395.876	0.3616003	393	396	395	395	395	396	396	396	396	396	396	396	396	396	396
400	396.859	0.3785	395	397	396	396	396	397	397	397	397	397	397	397	397	397	397
401	397.874	0.3553171	395	398	397	397	397	398	398	398	398	398	398	398	398	398	398
402	398.883	0.3426783	397	399	398	398	398	399	399	399	399	399	399	399	399	399	399
403	399.875	0.3598673	398	400	399	399	399	400	400	400	400	400	400	400	400	400	400
404	400.882	0.3408698	399	401	400	400	400	401	401	401	401	401	401	401	401	401	401
405	401.869	0.3660232	400	402	401	401	401	402	402	402	402	402	402	402	402	402	402
406	402.879	0.3412850	401	403	402	402	402	403	403	403	403	403	403	403	403	403	403
407	403.871	0.3528222	401	404	403	403	403	404	404	404	404	404	404	404	404	404	404
408	404.879	0.3412850	403	405	404	404	404	405	405	405	405	405	405	405	405	405	405
409	405.871	0.3499735	404	406	405	405	405	406	406	406	406	406	406	406	406	406	406
410	406.887	0.3410973	404	407	406	406	406	407	407	407	407	407	407	407	407	407	407
411	407.876	0.3445907	406	408	407	407	407	408	408	408	408	408	408	408	408	408	408
412	408.883	0.3367854	407	409	408	408	408	409	409	409	409	409	409	409	409	409	409
413	409.866	0.3770758	407	410	409	409	409	410	410	410	410	410	410	410	410	410	410
414	410.886	0.3451422	409	411	410	410	410	411	411	411	411	411	411	411	411	411	411
415	411.864	0.3628163	410	412	411	411	411	412	412	412	412	412	412	412	412	412	412
416	412.879	0.355648	410	413	412	412	412	413	413	413	413	413	413	413	413	413	413
417	413.882	0.3636045	411	414	413	413	413	414	414	414	414	414	414	414	414	414	414
418	414.877	0.3492750	412	415	414	414	414	415	415	415	415	415	415	415	415	415	415
419	415.888	0.3310069	414	416	415	415	415	416	416	416	416	416	416	416	416	416	416
420	416.886	0.3211030	415	417	416	416	416	417	417	417	417	417	417	417	417	417	417
421	417.869	0.3632781	416	418	417	417	417	418	418	418	418	418	418	418	418	418	418
422	418.871	0.3639938	417	419	418	418	418	419	419	419	419	419	419	419	419	419	419
423	419.862	0.3729545	418	420	419	419	419	420	420	420	420	420	420	420	420	420	420
424	420.884	0.3415562	418	421	420	420	420	421	421	421	421	421	421	421	421	421	421
425	421.868	0.3615338	419	422	421	421	421	422	422	422	422	422	422	422	422	422	422
426	422.871	0.3639938	421	423	422	422	422	423	423	423	423	423	423	423	423	423	423
427	423.9	0.3195342	422	424	423	423	424	424	424	424	424	424	424	424	424	424	424
428	424.874	0.3581232	422	425	424	424	424	425	425	425	425	425	425	425	425	425	425
429	425.876	0.3445907	424	426	425	425	425	426	426	426	426	426	426	426	426	426	426
430	426.865	0.3618092	425	427	426	426	426	427	427	427	427	427	427	427	427	427	427
431	427.87	0.3650113	426	428	427	427	427	428	428	428	428	428	428	428	428	428	428
432	428.864	0.3736892	427	429	428	428	428	429	429	429	429	429	429	429	429	429	429
433	429.889	0.3298299	427	430	429	429	429	430	430	430	430	430	430	430	430	430	430
434	430.869	0.3687478	429	431	430	430	430	431	431	431	431	431	431	431	431	431	431
435	431.864	0.3628163	430	432	431	431	431	432	432	432	432	432	432	432	432	432	432
436	432.866	0.3663034	430	433	432	432	432	433	433	433	433	433	433	433	433	433	433
437	433.88	0.3517438	432	434	433	433	433	434	434	434	434	434	434	434	434	434	434
438	434.867	0.3569852	433	435	434	434	434	435	435	435	435	435	435	435	435	435	435
439	435.876	0.3560207	433	436	435	435	435	436	436	436	436	436	436	436	436	436	436
440	436.87	0.3566893	435	437	436	436	436	437	437	437	437	437	437	437	437	437	437
441	437.893	0.3250487	436	438	437	437	437	438	438	438	438	438	438	438	438	438	438
442	438.907	0.3040451	437	439	438	438	439	439	439	439	439	439	439	439	439	439	439
443	439.876	0.364358	438	440	439	439	439	440	440	440	440	440	440	440	440	440	440
444	440.867	0.3625499	439	441	440	440	440	441	441	441	441	441	441	441	441	441	441
445	441.885	0.3491374	439	442	441	441	441	442	442	442	442	442	442	442	442	442	442
446	442.882	0.3466932	440	443	442	442	442	443	443	443	443	443	443	443	443	443	443
447	443.877	0.3434953	442	444	443	443	443	444	444	444	444	444	444	444	444	444	444
448	444.865	0.3562329	443	445	444	444	444	445	445	445	445	445	445	445	445	445	445
449	445.884	0.3386128	444	446	445	445	445	446	446	446	446	446	446	446	446	446	446
450	446.862	0.3702608	445	447	446	446	446	447	447	447	447	447	447	447	447	447	447
451	447.865	0.3753877	445	448	447	447	447	448	448	448	448	448	448	448	448	448	448
452	448.875	0.3514235	447	449	448	448	448	449	449	449	449	449	449	449	449	449	449
453	449.882	0.3524205	448	450	449	449	449	450	450	450	450	450	450	450	450	450	450
454	450.875	0.3514235	449	451	450	450	450	451	451	451	451	451	451	451	451	451	451
455	451.898	0.325118	450	452	451	451	452	452	452	452	452	452	452	452	452	452	452
456	452.867	0.3707404	450	453	452	452	452	453	453	453	453	453	453	453	453	453	453
457	453.865	0.3618092	452	454	453	453	453	454	454	454	454	454	454	454	454	454	454
458	454.866	0.369026	452	455	454	454	454	455	455	455	455	455	455	455	455	455	455
459	455.879	0.3412850	454	456	455	455	455	456	456	456	456	456	456	456	456	456	456
460	456.867	0.3813875	454	457	456	456	456	457	457	457	457	457	457	457	457	457	457
461	457.89	0.3255856	456	458	457	457	457	458	458	458	458	458	458	458	458	458	458
462	458.866	0.3607966	456	459	458	458	458	459	459	459	459	459	459	459	459	459	459
463	459.882	0.3437938	458	460	459	459	459	460	460	460	460	460	460	460	460	460	460
464	460.866	0.3663034	458	461	460	460	460	461	461	461	461	461	461	461	461	461	461
465	461.879	0.355648	460	462	461	461	461	462	462	462	462	462	462	462	462	462	462
466	462.875	0.3542605	461	463	462	462	462	463	463	463	463	463	463	463	463	463	463
467	463.873	0.3674316	461	464	463	463	463	464	464	464	464	464	464	464	464	464	464
468	464.859	0.3510587	463	465	464	464	464	465	465	465	465	465	465	465	465	465	465
469	465.861	0.3712369	463	466	465	465	465	466	466	466	466	466	466	466	466	466	466
470	466.854	0.3779244	464	467	466	466	466	467	467	467	467	467	467	467	467	467	467
471	467.882	0.3466932	465	468	467	467	467	468	468	468	468	468	468	468	468	468	468
472	468.883	0.3338	467	469	468	468	468	469	469	469	469	469	469	469	469	469	469
473	469.885	0.3314889	468	470	469	469	469	470	470	470	470	470	470	470	470	470	470
474	470.868	0.3642921	468	471	470	470	470	471	471	471	471	471	471	471	471	471	471
475	471.885	0.334495	470	472	471	471	471	472	472	472	472	472	472	472	472	472	472
476	472.869	0.3492291	471	473	472	472	472	473	473	473	473	473	473	473	473	473	473
477	473.884	0.3326479	472	474	473	473	473	474	474	474	474	474	474	474	474	474	474
478	474.887	0.3469169	472	475	474	474	474	475	475	475	475	475	475	475	475	475	475
479	475.865	0.3833040	472	476	475	475	475	476	476	476	476	476	476	476	476	476	476
480	476.891	0.3335120	475	477	476	476	476	477	477	477	477	477	477	477	477	477	477
481	477.871	0.3499735	476	478	477	477	477	478	478	478	478	478	478	478	478	478	478
482	478.875	0.3514235	477	479	478	478	478	479	479	479	479	479	479	479	479	479	479
483	479.867	0.3569852	478	480	479	479	479	480	480	480	480	480	480	480	480	480	480
484	480.871	0.3612333	478	481	480	480	480	481	481	481	481	481	481	481	481	481	481
485	481.882	0.3408698	480	482	481	481	481	482	482	482	482	482	482	482	482	482	482
486	482.873	0.3674316	480	483	482	482	482	483	483	483	483	483	483	483	483	483	483
487	483.881	0.3591211	481	484	483	483	483	484	484	484	484	484	484	484	484	484	484
488	484.862	0.3809214	482	485	484	484	484	485	485	485	485	485	485	485	485	485	485
489	485.869	0.3741376	483	486	485	485	485	486	486	486	486	486	486	486	486	486	486
490	486.871	0.3528222	485	487	486	486	486	487	487	487	487	487	487	487	487	487	487
491	487.849	0.3877491	486	488	487	487	487	488	488	488	488	488	488	488	488	488	488
492	488.883	0.3246789	487	489	488	488	488	489	489	489	489	489	489	489	489	489	489
493	489.872	0.3574126	487	490	489	489	489	490	490	490	490	490	490	490	490	490	490
494	490.881	0.3390486	489	491	490	490	490	491	491	491	491	491	491	491	491	491	491
495	491.868	0.3502837	490	492	491	491	491	492	492	492	492	492	492	492	492	492	492
496	492.859	0.3731732	490	493	492	492	492	493	493	493	493	493	493	493	493	493	493
497	493.875	0.3653882	492	494	493	493	493	494	494	494	494	494	494	494	494	494	494
498	494.88	0.3312246	493	495	494	494	494	495	495	495	495	495	495	495	495	495	495
499	495.878	0.3453046	494	496	495	495	495	496	496	496	496	496	496	496	496	496	496
500	496.865	0.4011682	493	497	496	496	496	497	497	497	497	497	497	497	497	497	497
501	497.867	0.3707404	496	498	497	497	497	498	498	498	498	498	498	498	498	498	498
502	498.89	0.3316776	497	499	498	498	498	499	499	499	499	499	499	499	499	499	499
503	499.891	0.3212822	498	500	499	499	499	500	500	500	500	500	500	500	500	500	500
504	500.877	0.3376166	499	501	500	500	500	501	501	501	501	501	501	501	501	501	501
505	501.877	0.3405686	500	502	501	501	501	502	502	502	502	502	502	502	502	502	502
506	502.878	0.3510545	501	503	502	502	502	503	503	503	503	503	503	503	503	503	503
507	503.866	0.3635604	500	504	503	503	503	504	504	504	504	504	504	504	504	504	504
508	504.881	0.3419882	503	505	504	504	504	505	505	505	505	505	505	505	505	505	505
509	505.866	0.3635604	504	506	505	505	505	506	506	506	506	506	506	506	506	506	506
510	506.874	0.3553171	505	507	506	506	506	507	507	507	507	507	507	507	507	507	507
511	507.864	0.3655648	506	508	507	507	507	508	508	508	508	508	508	508	508	508	508
512	508.87	0.3863279	506	509	508	508	508	509	509	509	509	509	509	509	509	509	509
513	509.881	0.347793	508	510	509	509	509	510	510	510	510	510	510	510	510	510	510
514	510.877	0.3492750	509	511	510	510	510	511	511	511	511	511	511	511	511	511	511
515	511.868	0.3697468	510	512	511	511	511	512	512	512	512	512	512	512	512	512	512
516	512.855	0.3900348	511	513	512	512	512	513	513	513	513	513	513	513	513	513	513
517	513.861	0.3792398	511	514	513	513	513	514	514	514	514	514	514	514	514	514	514
518	514.876	0.3588213	513	515	514	514	514	515	515	515	515	515	515	515	515	515	515
519	515.871	0.355648	514	516	515	515	515	516	516	516	516	516	516	516	516	516	516
520	516.858	0.3741336	515	517	516	516	516	517	517	517	517	517	517	517	517	517	517
521	517.87	0.3481684	516	518	517	517	517	518	518	518	518	518	518	518	518	518	518
522	518.88	0.3431002	517	519	518	518	518	519	519	519	519	519	519	519	519	519	519
523	519.862	0.3675474	517	520	519	519	519	520	520	520	520	520	520	520	520	520	520
524	520.863	0.3692795	519	521	520	520	520	521	521	521	521	521	521	521	521	521	521
525	521.861	0.3792398	520	522	521	521	521	522	522	522	522	522	522	522	522	522	522
526	522.871	0.3667335	521	523	522	522	522	523	523	523	523	523	523	523	523	523	523
527	523.889	0.3388123	522	524	523	523	523	524	524	524	524	524	524	524	524	524	524
528	524.862	0.3620595	523	525	524	524	524	525	525	525	525	525	525	525	525	525	525
529	525.864	0.3655648	524	526	525	525	525	526	526	526	526	526	526	526	526	526	526
530	526.855	0.3874598	525	527	526	526	526	527	527	527	527	527	527	527	527	527	527
531	527.891	0.3335120	525	528	527	527	527	528	528	528	528	528	528	528	528	528	528
532	528.853	0.3841075	527	529	528	528	528	529	529	529	529	529	529	529	529	529	529
533	529.852	0.3824163	528	530	529	529	529	530	530	530	530	530	530	530	530	530	530
534	530.867	0.3680305	529	531	530	530	530	531	531	531	531	531	531	531	531	531	531
535	531.876	0.3474834	530	532	531	531	531	532	532	532	532	532	532	532	532	532	532
536	532.879	0.3584515	530	533	532	532	532	533	533	533	533	533	533	533	533	533	533
537	533.863	0.3665588	531	534	533	533	533	534	534	534	534	534	534	534	534	534	534
538	534.876	0.3474834	533	535	534	534	534	535	535	535	535	535	535	535	535	535	535
539	535.862	0.3592841	534	536	535	535	535	536	536	536	536	536	536	536	536	536	536
540	536.863	0.377324	534	537	536	536	536	537	537	537	537	537	537	537	537	537	537
541	537.867	0.3484716	536	538	537	537	537	538	538	538	538	538	538	538	538	538	538
542	538.87	0.3510317	537	539	538	538	538	539	539	539	539	539	539	539	539	539	539
543	539.881	0.3419882	538	540	539	539	539	540	540	540	540	540	540	540	540	540	540
544	540.877	0.3633222	539	541	540	540	540	541	541	541	541	541	541	541	541	541	541
545	541.862	0.3835402	539	542	541	541	541	542	542	542	542	542	542	542	542	542	542
546	542.873	0.3535477	541	543	542	542	542	543	543	543	543	543	543	543	543	543	543
547	543.886	0.3392921	542	544	543	543	543	544	544	544	544	544	544	544	544	544	544
548	544.878	0.3567117	542	545	544	544	544	545	545	545	545	545	545	545	545	545	545
549	545.86	0.3612901	544	546	545	545	545	546	546	546	546	546	546	546	546	546	546
550	546.878	0.3622806	545	547	546	546	546	547	547	547	547	547	547	547	547	547	547
551	547.873	0.3535477	545	548	547	547	547	548	548	548	548	548	548	548	548	548	548
552	548.885	0.334495	547	549	548	548	548	549	549	549	549	549	549	549	549	549	549
553	549.904	0.3112569	548	550	549	549	550	550	550	550	550	550	550	550	550	550	550
554	550.866	0.369026	549	551	550	550	550	551	551	551	551	551	551	551	551	551	551
555	551.885	0.334495	550	552	551	551	551	552	552	552	552	552	552	552	552	552	552
556	552.875	0.3485635	551	553	552	552	552	553	553	553	553	553	553	553	553	553	553
557	553.876	0.3503523	552	554	553	553	553	554	554	554	554	554	554	554	554	554	554
558	554.852	0.39019	552	555	554	554	554	555	555	555	555	555	555	555	555	555	555
559	555.882	0.3437938	554	556	555	555	555	556	556	556	556	556	556	556	556	556	556
560	556.854	0.3725893	555	557	556	556	556	557	557	557	557	557	557	557	557	557	557
561	557.874	0.3798266	555	558	557	557	557	558	558	558	558	558	558	558	558	558	558
562	558.885	0.334495	557	559	558	558	558	559	559	559	559	559	559	559	559	559	559
563	559.869	0.3605121	557	560	559	559	559	560	560	560	560	560	560	560	560	560	560
564	560.878	0.3595069	558	561	560	560	560	561	561	561	561	561	561	561	561	561	561
565	561.882	0.3466932	559	562	561	561	561	562	562	562	562	562	562	562	562	562	562
566	562.855	0.3848677	561	563	562	562	562	563	563	563	563	563	563	563	563	563	563
567	563.854	0.3934957	561	564	563	563	563	564	564	564	564	564	564	564	564	564	564
568	564.872	0.3684450	562	565	564	564	564	565	565	565	565	565	565	565	565	565	565
569	565.883	0.3455871	563	566	565	565	565	566	566	566	566	566	566	566	566	566	566
570	566.864	0.3763584	564	567	566	566	566	567	567	567	567	567	567	567	567	567	567
571	567.868	0.3587544	566	568	567	567	567	568	568	568	568	568	568	568	568	568	568
572	568.874	0.3524886	567	569	568	568	568	569	569	569	569	569	569	569	569	569	569
573	569.864	0.3736892	568	570	569	569	569	570	570	570	570	570	570	570	570	570	570
574	570.881	0.3449028	569	571	570	570	570	571	571	571	571	571	571	571	571	571	571
575	571.876	0.3503523	570	572	571	571	571	572	572	572	572	572	572	572	572	572	572
576	572.871	0.3667335	571	573	572	572	572	573	573	573	573	573	573	573	573	573	573
577	573.86	0.3667895	572	574	573	573	573	574	574	574	574	574	574	574	574	574	574
578	574.863	0.3665588	573	575	574	574	574	575	575	575	575	575	575	575	575	575	575
579	575.866	0.3663034	574	576	575	575	575	576	576	576	576	576	576	576	576	576	576
580	576.892	0.3323348	575	577	576	576	576	577	577	577	577	577	577	577	577	577	577
581	577.875	0.3485635	576	578	577	577	577	578	578	578	578	578	578	578	578	578	578
582	578.884	0.3415562	577	579	578	578	578	579	579	579	579	579	579	579	579	579	579
583	579.87	0.3677434	578	580	579	579	579	580	580	580	580	580	580	580	580	580	580
584	580.87	0.3594847	579	581	580	580	580	581	581	581	581	581	581	581	581	581	581
585	581.858	0.3846869	579	582	581	581	581	582	582	582	582	582	582	582	582	582	582
586	582.879	0.3528222	581	583	582	582	582	583	583	583	583	583	583	583	583	583	583
587	583.89	0.3406112	582	584	583	583	583	584	584	584	584	584	584	584	584	584	584
588	584.887	0.3291494	583	585	584	584	584	585	585	585	585	585	585	585	585	585	585
589	585.873	0.350705	584	586	585	585	585	586	586	586	586	586	586	586	586	586	586
590	586.882	0.3379204	585	587	586	586	586	587	587	587	587	587	587	587	587	587	587
591	587.857	0.369713	586	588	587	587	587	588	588	588	588	588	588	588	588	588	588
592	588.867	0.3569852	587	589	588	588	588	589	589	589	589	589	589	589	589	589	589
593	589.874	0.3581232	588	590	589	589	589	590	590	590	590	590	590	590	590	590	590
594	590.865	0.3590319	589	591	590	590	590	591	591	591	591	591	591	591	591	591	591
595	591.872	0.3460285	590	592	591	591	591	592	592	592	592	592	592	592	592	592	592
596	592.87	0.3650113	590	593	592	592	592	593	593	593	593	593	593	593	593	593	593
597	593.877	0.3492750	591	594	593	593	593	594	594	594	594	594	594	594	594	594	594
598	594.89	0.3255856	593	595	594	594	594	595	595	595	595	595	595	595	595	595	595
599	595.878	0.3595069	594	596	595	595	595	596	596	596	596	596	596	596	596	596	596
600	596.858	0.3794469	594	597	596	596	596	597	597	597	597	597	597	597	597	597	597
601	597.877	0.3463972	596	598	597	597	597	598	598	598	598	598	598	598	598	598	598
602	598.863	0.3665588	597	599	598	598	598	599	599	599	599	599	599	599	599	599	599
603	599.86	0.38542	597	600	599	599	599	600	600	600	600	600	600	600	600	600	600
604	600.887	0.3381499	598	601	600	600	600	601	601	601	601	601	601	601	601	601	601
605	601.882	0.3379204	600	602	601	601	601	602	602	602	602	602	602	602	602	602	602
606	602.856	0.3786917	601	603	602	602	602	603	603	603	603	603	603	603	603	603	603
607	603.891	0.3274542	602	604	603	603	603	604	604	604	604	604	604	604	604	604	604
608	604.883	0.3484716	603	605	604	604	604	605	605	605	605	605	605	605	605	605	605
609	605.867	0.3513324	604	606	605	605	605	606	606	606	606	606	606	606	606	606	606
610	606.895	0.3226129	605	607	606	606	606	607	607	607	607	607	607	607	607	607	607
611	607.865	0.3562329	606	608	607	607	607	608	608	608	608	608	608	608	608	608	608
612	608.89	0.3346820	607	609	608	608	608	609	609	609	609	609	609	609	609	609	609
613	609.867	0.3513324	608	610	609	609	609	610	610	610	610	610	610	610	610	610	610
614	610.88	0.3460054	609	611	610	610	610	611	611	611	611	611	611	611	611	611	611
615	611.885	0.3433553	610	612	611	611	611	612	612	612	612	612	612	612	612	612	612
616	612.885	0.3491374	611	613	612	612	612	613	613	613	613	613	613	613	613	613	613
617	613.864	0.3736892	612	614	613	613	613	614	614	614	614	614	614	614	614	614	614
618	614.876	0.3588213	613	615	614	614	614	615	615	615	615	615	615	615	615	615	615
619	615.868	0.3724442	613	616	615	615	615	616	616	616	616	616	616	616	616	616	616
620	616.874	0.3609075	614	617	616	616	616	617	617	617	617	617	617	617	617	617	617
621	617.881	0.3449028	615	618	617	617	617	618	618	618	618	618	618	618	618	618	618
622	618.858	0.3714485	617	619	618	618	618	619	619	619	619	619	619	619	619	619	619
623	619.86	0.3775481	618	620	619	619	619	620	620	620	620	620	620	620	620	620	620
624	620.887	0.3260941	619	621	620	620	620	621	621	621	621	621	621	621	621	621	621
625	621.873	0.3646971	618	622	621	621	621	622	622	622	622	622	622	622	622	622	622
626	622.871	0.355648	621	623	622	622	622	623	623	623	623	623	623	623	623	623	623
627	623.88	0.3431002	622	624	623	623	623	624	624	624	624	624	624	624	624	624	624
628	624.878	0.3567117	623	625	624	624	624	625	625	625	625	625	625	625	625	625	625
629	625.871	0.3499735	624	626	625	625	625	626	626	626	626	626	626	626	626	626	626
630	626.852	0.385025	624	627	626	626	626	627	627	627	627	627	627	627	627	627	627
631	627.867	0.3597783	626	628	627	627	627	628	628	628	628	628	628	628	628	628	628
632	628.858	0.3898564	627	629	628	628	628	629	629	629	629	629	629	629	629	629	629
633	629.875	0.3598673	627	630	629	629	629	630	630	630	630	630	630	630	630	630	630
634	630.884	0.3444745	628	631	630	630	630	631	631	631	631	631	631	631	631	631	631
635	631.889	0.3446706	629	632	631	631	631	632	632	632	632	632	632	632	632	632	632
636	632.876	0.3445907	631	633	632	632	632	633	633	633	633	633	633	633	633	633	633
637	633.86	0.3748874	631	634	633	633	633	634	634	634	634	634	634	634	634	634	634
638	634.897	0.304111	634	635	634	634	634	635	635	635	635	635	635	635	635	635	635
639	635.878	0.3538944	633	636	635	635	635	636	636	636	636	636	636	636	636	636	636
640	636.877	0.3605565	635	637	636	636	636	637	637	637	637	637	637	637	637	637	637
641	637.853	0.3788595	636	638	637	637	637	638	638	638	638	638	638	638	638	638	638
642	638.875	0.3485635	637	639	638	638	638	639	639	639	639	639	639	639	639	639	639
643	639.876	0.3474834	638	640	639	639	639	640	640	640	640	640	640	640	640	640	640
644	640.865	0.3590319	639	641	640	640	640	641	641	641	641	641	641	641	641	641	641
645	641.869	0.3687478	640	642	641	641	641	642	642	642	642	642	642	642	642	642	642
646	642.874	0.3524886	640	643	642	642	642	643	643	643	643	643	643	643	643	643	643
647	643.888	0.345797	642	644	643	643	643	644	644	644	644	644	644	644	644	644	644
648	644.865	0.3673008	642	645	644	644	644	645	645	645	645	645	645	645	645	645	645
649	645.886	0.3363289	644	646	645	645	645	646	646	646	646	646	646	646	646	646	646
650	646.861	0.3765911	645	647	646	646	646	647	647	647	647	647	647	647	647	647	647
651	647.877	0.3463972	646	648	647	647	647	648	648	648	648	648	648	648	648	648	648
652	648.851	0.3754197	647	649	648	648	648	649	649	649	649	649	649	649	649	649	649
653	649.86	0.3801901	647	650	649	649	649	650	650	650	650	650	650	650	650	650	650
654	650.875	0.3514235	649	651	650	650	650	651	651	651	651	651	651	651	651	651	651
655	651.876	0.3474834	650	652	651	651	651	652	652	652	652	652	652	652	652	652	652
656	652.87	0.3811105	651	653	652	652	652	653	653	653	653	653	653	653	653	653	653
657	653.853	0.3814925	652	654	653	653	653	654	654	654	654	654	654	654	654	654	654
658	654.89	0.3255856	653	655	654	654	654	655	655	655	655	655	655	655	655	655	655
659	655.877	0.3633222	653	656	655	655	655	656	656	656	656	656	656	656	656	656	656
660	656.896	0.3213834	655	657	656	656	657	657	657	657	657	657	657	657	657	657	657
661	657.895	0.3163464	656	658	657	657	657	658	658	658	658	658	658	658	658	658	658
662	658.874	0.3609075	656	659	658	658	658	659	659	659	659	659	659	659	659	659	659
663	659.884	0.3326479	658	660	659	659	659	660	660	660	660	660	660	660	660	660	660
664	660.876	0.3387311	659	661	660	660	660	661	661	661	661	661	661	661	661	661	661
665	661.888	0.3370008	660	662	661	661	661	662	662	662	662	662	662	662	662	662	662
666	662.867	0.3569852	661	663	662	662	662	663	663	663	663	663	663	663	663	663	663
667	663.865	0.3618092	662	664	663	663	663	664	664	664	664	664	664	664	664	664	664
668	664.866	0.3744118	662	665	664	664	664	665	665	665	665	665	665	665	665	665	665
669	665.868	0.3559532	664	666	665	665	665	666	666	666	666	666	666	666	666	666	666
670	666.869	0.3687478	665	667	666	666	666	667	667	667	667	667	667	667	667	667	667
671	667.885	0.3404275	666	668	667	667	667	668	668	668	668	668	668	668	668	668	668
672	668.879	0.3499735	667	669	668	668	668	669	669	669	669	669	669	669	669	669	669
673	669.868	0.3642921	668	670	669	669	669	670	670	670	670	670	670	670	670	670	670
674	670.872	0.3517666	669	671	670	670	670	671	671	671	671	671	671	671	671	671	671
675	671.859	0.3567159	670	672	671	671	671	672	672	672	672	672	672	672	672	672	672
676	672.865	0.3673008	671	673	672	672	672	673	673	673	673	673	673	673	673	673	673
677	673.857	0.369713	672	674	673	673	673	674	674	674	674	674	674	674	674	674	674
678	674.869	0.3741376	673	675	674	674	674	675	675	675	675	675	675	675	675	675	675
679	675.869	0.3632781	674	676	675	675	675	676	676	676	676	676	676	676	676	676	676
680	676.873	0.3646971	674	677	676	676	676	677	677	677	677	677	677	677	677	677	677
681	677.881	0.3419882	676	678	677	677	677	678	678	678	678	678	678	678	678	678	678
682	678.874	0.3409402	677	679	678	678	678	679	679	679	679	679	679	679	679	679	679
683	679.887	0.3469169	677	680	679	679	679	680	680	680	680	680	680	680	680	680	680
684	680.867	0.3569852	679	681	680	680	680	681	681	681	681	681	681	681	681	681	681
685	681.858	0.3794469	680	682	681	681	681	682	682	682	682	682	682	682	682	682	682
686	682.868	0.3777813	680	683	682	682	682	683	683	683	683	683	683	683	683	683	683
687	683.871	0.3612333	681	684	683	683	683	684	684	684	684	684	684	684	684	684	684
688	684.889	0.320596	683	685	684	684	684	685	685	685	685	685	685	685	685	685	685
689	685.868	0.3642921	683	686	685	685	685	686	686	686	686	686	686	686	686	686	686
690	686.887	0.3410973	684	687	686	686	686	687	687	687	687	687	687	687	687	687	687
691	687.88	0.3431002	686	688	687	687	687	688	688	688	688	688	688	688	688	688	688
692	688.892	0.3293090	686	689	688	688	688	689	689	689	689	689	689	689	689	689	689
693	689.878	0.3538944	687	690	689	689	689	690	690	690	690	690	690	690	690	690	690
694	690.878	0.3704771	687	691	690	690	690	691	691	691	691	691	691	691	691	691	691
695	691.852	0.3771449	690	692	691	691	691	692	692	692	692	692	692	692	692	692	692
696	692.864	0.3763584	690	693	692	692	692	693	693	693	693	693	693	693	693	693	693
697	693.876	0.3531979	692	694	693	693	693	694	694	694	694	694	694	694	694	694	694
698	694.882	0.3495686	692	695	694	694	694	695	695	695	695	695	695	695	695	695	695
699	695.877	0.3463972	694	696	695	695	695	696	696	696	696	696	696	696	696	696	696
700	696.867	0.3625499	695	697	696	696	696	697	697	697	697	697	697	697	697	697	697
701	697.888	0.3399582	696	698	697	697	697	698	698	698	698	698	698	698	698	698	698
702	698.881	0.3449028	697	699	698	698	698	699	699	699	699	699	699	699	699	699	699
703	699.877	0.3405686	698	700	699	699	699	700	700	700	700	700	700	700	700	700	700
704	700.869	0.3577247	699	701	700	700	700	701	701	701	701	701	701	701	701	701	701
705	701.881	0.3360833	700	702	701	701	701	702	702	702	702	702	702	702	702	702	702
706	702.889	0.3358449	700	703	702	702	702	703	703	703	703	703	703	703	703	703	703
707	703.885	0.3374743	701	704	703	703	703	704	704	704	704	704	704	704	704	704	704
708	704.873	0.3563678	703	705	704	704	704	705	705	705	705	705	705	705	705	705	705
709	705.864	0.3736892	704	706	705	705	705	706	706	706	706	706	706	706	706	706	706
710	706.888	0.3370008	704	707	706	706	706	707	707	707	707	707	707	707	707	707	707
711	707.863	0.3852004	706	708	707	707	707	708	708	708	708	708	708	708	708	708	708
712	708.871	0.3442056	707	709	708	708	708	709	709	709	709	709	709	709	709	709	709
713	709.88	0.3573902	707	710	709	709	709	710	710	710	710	710	710	710	710	710	710
714	710.858	0.3794469	708	711	710	710	710	711	711	711	711	711	711	711	711	711	711
715	711.881	0.3646532	708	712	711	711	711	712	712	712	712	712	712	712	712	712	712
716	712.868	0.3804218	710	713	712	712	712	713	713	713	713	713	713	713	713	713	713
717	713.876	0.3616003	712	714	713	713	713	714	714	714	714	714	714	714	714	714	714
718	714.877	0.3549606	713	715	714	714	714	715	715	715	715	715	715	715	715	715	715
719	715.857	0.369713	714	716	715	715	715	716	716	716	716	716	716	716	716	716	716
720	716.874	0.3496373	714	717	716	716	716	717	717	717	717	717	717	717	717	717	717
721	717.892	0.3383053	716	718	717	717	718	718	718	718	718	718	718	718	718	718	718
722	718.889	0.332851	716	719	718	718	718	719	719	719	719	719	719	719	719	719	719
723	719.896	0.3213834	717	720	719	719	719	720	720	720	720	720	720	720	720	720	720
724	720.867	0.3569852	718	721	720	720	720	721	721	721	721	721	721	721	721	721	721
725	721.876	0.3560207	720	722	721	721	721	722	722	722	722	722	722	722	722	722	722
726	722.878	0.3481914	721	723	722	722	722	723	723	723	723	723	723	723	723	723	723
727	723.879	0.3442056	722	724	723	723	723	724	724	724	724	724	724	724	724	724	724
728	724.893	0.3371419	722	725	724	724	725	725	725	725	725	725	725	725	725	725	725
729	725.864	0.3682929	723	726	725	725	725	726	726	726	726	726	726	726	726	726	726
730	726.868	0.3642921	724	727	726	726	726	727	727	727	727	727	727	727	727	727	727
731	727.874	0.3467625	726	728	727	727	727	728	728	728	728	728	728	728	728	728	728
732	728.9	0.3132062	727	729	728	728	729	729	729	729	729	729	729	729	729	729	729
733	729.869	0.3520837	728	730	729	729	729	730	730	730	730	730	730	730	730	730	730
734	730.852	0.3797897	729	731	730	730	730	731	731	731	731	731	731	731	731	731	731
735	731.875	0.3456798	730	732	731	731	731	732	732	732	732	732	732	732	732	732	732
736	732.86	0.382814	730	733	732	732	732	733	733	733	733	733	733	733	733	733	733
737	733.889	0.3358449	732	734	733	733	733	734	734	734	734	734	734	734	734	734	734
738	734.875	0.3570749	733	735	734	734	734	735	735	735	735	735	735	735	735	735	735
739	735.892	0.3323348	734	736	735	735	735	736	736	736	736	736	736	736	736	736	736
740	736.881	0.347793	735	737	736	736	736	737	737	737	737	737	737	737	737	737	737
741	737.884	0.3415562	736	738	737	737	737	738	738	738	738	738	738	738	738	738	738
742	738.87	0.3622585	737	739	738	738	738	739	739	739	739	739	739	739	739	739	739
743	739.886	0.3480304	738	740	739	739	739	740	740	740	740	740	740	740	740	740	740
744	740.874	0.3636705	738	741	740	740	740	741	741	741	741	741	741	741	741	741	741
745	741.875	0.3735164	740	742	741	741	741	742	742	742	742	742	742	742	742	742	742
746	742.875	0.3514235	741	743	742	742	742	743	743	743	743	743	743	743	743	743	743
747	743.849	0.4054175	741	744	743	743	743	744	744	744	744	744	744	744	744	744	744
748	744.876	0.3387311	743	745	744	744	744	745	745	745	745	745	745	745	745	745	745
749	745.891	0.3453089	744	746	745	745	746	746	746	746	746	746	746	746	746	746	746
750	746.881	0.347793	744	747	746	746	746	747	747	747	747	747	747	747	747	747	747
751	747.868	0.3697468	745	748	747	747	747	748	748	748	748	748	748	748	748	748	748
752	748.88	0.3488864	747	749	748	748	748	749	749	749	749	749	749	749	749	749	749
753	749.882	0.3319430	748	750	749	749	749	750	750	750	750	750	750	750	750	750	750
754	750.88	0.3431002	749	751	750	750	750	751	751	751	751	751	751	751	751	751	751
755	751.877	0.3492750	750	752	751	751	751	752	752	752	752	752	752	752	752	752	752
756	752.881	0.3449028	751	753	752	752	752	753	753	753	753	753	753	753	753	753	753
757	753.867	0.3813875	751	754	753	753	753	754	754	754	754	754	754	754	754	754	754
758	754.878	0.3481914	752	755	754	754	754	755	755	755	755	755	755	755	755	755	755
759	755.879	0.3412850	754	756	755	755	755	756	756	756	756	756	756	756	756	756	756
760	756.858	0.3632740	755	757	756	756	756	757	757	757	757	757	757	757	757	757	757
761	757.872	0.3517666	755	758	757	757	757	758	758	758	758	758	758	758	758	758	758
762	758.894	0.3359715	757	759	758	758	759	759	759	759	759	759	759	759	759	759	759
763	759.883	0.3455871	757	760	759	759	759	760	760	760	760	760	760	760	760	760	760
764	760.88	0.3460054	758	761	760	760	760	761	761	761	761	761	761	761	761	761	761
765	761.884	0.3386128	760	762	761	761	761	762	762	762	762	762	762	762	762	762	762
766	762.863	0.3852004	760	763	762	762	762	763	763	763	763	763	763	763	763	763	763
767	763.881	0.3360833	762	764	763	763	763	764	764	764	764	764	764	764	764	764	764
768	764.882	0.3466932	763	765	764	764	764	765	765	765	765	765	765	765	765	765	765
769	765.882	0.3437938	764	766	765	765	765	766	766	766	766	766	766	766	766	766	766
770	766.869	0.3660232	765	767	766	766	766	767	767	767	767	767	767	767	767	767	767
771	767.867	0.3597783	766	768	767	767	767	768	768	768	768	768	768	768	768	768	768
772	768.857	0.3750889	767	769	768	768	768	769	769	769	769	769	769	769	769	769	769
773	769.873	0.350705	768	770	769	769	769	770	770	770	770	770	770	770	770	770	770
774	770.885	0.3314889	769	771	770	770	770	771	771	771	771	771	771	771	771	771	771
775	771.87	0.3594847	769	772	771	771	771	772	772	772	772	772	772	772	772	772	772
776	772.88	0.3488864	770	773	772	772	772	773	773	773	773	773	773	773	773	773	773
777	773.883	0.3426783	771	774	773	773	773	774	774	774	774	774	774	774	774	774	774
778	774.879	0.3442056	773	775	774	774	774	775	775	775	775	775	775	775	775	775	775
779	775.864	0.3600467	774	776	775	775	775	776	776	776	776	776	776	776	776	776	776
780	776.871	0.3499735	775	777	776	776	776	777	777	777	777	777	777	777	777	777	777
781	777.878	0.3394573	776	778	777	777	777	778	778	778	778	778	778	778	778	778	778
782	778.874	0.3609075	777	779	778	778	778	779	779	779	779	779	779	779	779	779	779
783	779.882	0.3349451	778	780	779	779	779	780	780	780	780	780	780	780	780	780	780
784	780.876	0.3560207	779	781	780	780	780	781	781	781	781	781	781	781	781	781	781
785	781.854	0.3934957	779	782	781	781	781	782	782	782	782	782	782	782	782	782	782
786	782.875	0.3598673	781	783	782	782	782	783	783	783	783	783	783	783	783	783	783
787	783.877	0.3521292	782	784	783	783	783	784	784	784	784	784	784	784	784	784	784
788	784.874	0.3553171	783	785	784	784	784	785	785	785	785	785	785	785	785	785	785
789	785.884	0.3415562	784	786	785	785	785	786	786	786	786	786	786	786	786	786	786
790	786.871	0.3612333	785	787	786	786	786	787	787	787	787	787	787	787	787	787	787
791	787.857	0.3882032	786	788	787	787	787	788	788	788	788	788	788	788	788	788	788
792	788.863	0.3638178	787	789	788	788	788	789	789	789	789	789	789	789	789	789	789
793	789.859	0.3785	787	790	789	789	789	790	790	790	790	790	790	790	790	790	790
794	790.862	0.3675474	789	791	790	790	790	791	791	791	791	791	791	791	791	791	791
795	791.886	0.3363289	790	792	791	791	791	792	792	792	792	792	792	792	792	792	792
796	792.89	0.3286457	791	793	792	792	792	793	793	793	793	793	793	793	793	793	793
797	793.882	0.3349451	792	794	793	793	793	794	794	794	794	794	794	794	794	794	794
798	794.888	0.3310069	793	795	794	794	794	795	795	795	795	795	795	795	795	795	795
799	795.876	0.3503523	794	796	795	795	795	796	796	796	796	796	796	796	796	796	796
800	796.862	0.3620595	795	797	796	796	796	797	797	797	797	797	797	797	797	797	797
801	797.849	0.3877491	796	798	797	797	797	798	798	798	798	798	798	798	798	798	798
802	798.87	0.3538718	797	799	798	798	798	799	799	799	799	799	799	799	799	799	799
803	799.88	0.3401701	798	800	799	799	799	800	800	800	800	800	800	800	800	800	800
804	800.89	0.3316776	799	801	800	800	800	801	801	801	801	801	801	801	801	801	801
805	801.873	0.347839	800	802	801	801	801	802	802	802	802	802	802	802	802	802	802
806	802.889	0.3298299	801	803	802	802	802	803	803	803	803	803	803	803	803	803	803
807	803.881	0.3330915	802	804	803	803	803	804	804	804	804	804	804	804	804	804	804
808	804.878	0.3538944	803	805	804	804	804	805	805	805	805	805	805	805	805	805	805
809	805.882	0.3379204	804	806	805	805	805	806	806	806	806	806	806	806	806	806	806
810	806.871	0.3612333	805	807	806	806	806	807	807	807	807	807	807	807	807	807	807
811	807.871	0.3499735	806	808	807	807	807	808	808	808	808	808	808	808	808	808	808
812	808.881	0.3390486	807	809	808	808	808	809	809	809	809	809	809	809	809	809	809
813	809.861	0.3630576	808	810	809	809	809	810	810	810	810	810	810	810	810	810	810
814	810.88	0.3431002	809	811	810	810	810	811	811	811	811	811	811	811	811	811	811
815	811.888	0.3310069	810	812	811	811	811	812	812	812	812	812	812	812	812	812	812
816	812.879	0.3499735	810	813	812	812	812	813	813	813	813	813	813	813	813	813	813
817	813.879	0.3584515	811	814	813	813	813	814	814	814	814	814	814	814	814	814	814
818	814.886	0.3422296	813	815	814	814	814	815	815	815	815	815	815	815	815	815	815
819	815.874	0.3467625	814	816	815	815	815	816	816	816	816	816	816	816	816	816	816
820	816.871	0.369453	814	817	816	816	816	817	817	817	817	817	817	817	817	817	817
821	817.865	0.3727116	815	818	817	817	817	818	818	818	818	818	818	818	818	818	818
822	818.873	0.3535477	817	819	818	818	818	819	819	819	819	819	819	819	819	819	819
823	819.882	0.3319430	818	820	819	819	819	820	820	820	820	820	820	820	820	820	820
824	820.877	0.3521292	819	821	820	820	820	821	821	821	821	821	821	821	821	821	821
825	821.86	0.3748874	820	822	821	821	821	822	822	822	822	822	822	822	822	822	822
826	822.877	0.3492750	821	823	822	822	822	823	823	823	823	823	823	823	823	823	823
827	823.868	0.3804218	821	824	823	823	823	824	824	824	824	824	824	824	824	824	824
828	824.869	0.3768036	823	825	824	824	824	825	825	825	825	825	825	825	825	825	825
829	825.88	0.3517438	823	826	825	825	825	826	826	826	826	826	826	826	826	826	826
830	826.88	0.3431002	825	827	826	826	826	827	827	827	827	827	827	827	827	827	827
831	827.876	0.3445907	826	828	827	827	827	828	828	828	828	828	828	828	828	828	828
832	828.884	0.3444745	827	829	828	828	828	829	829	829	829	829	829	829	829	829	829
833	829.875	0.3598673	827	830	829	829	829	830	830	830	830	830	830	830	830	830	830
834	830.869	0.3577247	828	831	830	830	830	831	831	831	831	831	831	831	831	831	831
835	831.897	0.3232576	830	832	831	831	832	832	832	832	832	832	832	832	832	832	832
836	832.887	0.3410973	831	833	832	832	832	833	833	833	833	833	833	833	833	833	833
837	833.87	0.3677434	831	834	833	833	833	834	834	834	834	834	834	834	834	834	834
838	834.893	0.3311505	833	835	834	834	834	835	835	835	835	835	835	835	835	835	835
839	835.87	0.3677434	833	836	835	835	835	836	836	836	836	836	836	836	836	836	836
840	836.87	0.3758208	834	837	836	836	836	837	837	837	837	837	837	837	837	837	837
841	837.862	0.3702608	836	838	837	837	837	838	838	838	838	838	838	838	838	838	838
842	838.883	0.3455871	837	839	838	838	838	839	839	839	839	839	839	839	839	839	839
843	839.86	0.3748874	838	840	839	839	839	840	840	840	840	840	840	840	840	840	840
844	840.863	0.3719803	838	841	840	840	840	841	841	841	841	841	841	841	841	841	841
845	841.869	0.3463509	840	842	841	841	841	842	842	842	842	842	842	842	842	842	842
846	842.888	0.3370008	841	843	842	842	842	843	843	843	843	843	843	843	843	843	843
847	843.87	0.3566893	842	844	843	843	843	844	844	844	844	844	844	844	844	844	844
848	844.889	0.3237032	843	845	844	844	844	845	845	845	845	845	845	845	845	845	845
849	845.871	0.369453	843	846	845	845	845	846	846	846	846	846	846	846	846	846	846
850	846.875	0.3653882	844	847	846	846	846	847	847	847	847	847	847	847	847	847	847
851	847.892	0.3383053	845	848	847	847	847	848	848	848	848	848	848	848	848	848	848
852	848.886	0.3333393	847	849	848	848	848	849	849	849	849	849	849	849	849	849	849
853	849.892	0.3383053	847	850	849	849	849	850	850	850	850	850	850	850	850	850	850
854	850.864	0.3682929	849	851	850	850	850	851	851	851	851	851	851	851	851	851	851
855	851.888	0.3310069	850	852	851	851	851	852	852	852	852	852	852	852	852	852	852
856	852.866	0.3717286	850	853	852	852	852	853	853	853	853	853	853	853	853	853	853
857	853.886	0.3242054	852	854	853	853	853	854	854	854	854	854	854	854	854	854	854
858	854.853	0.3735379	853	855	854	854	854	855	855	855	855	855	855	855	855	855	855
859	855.873	0.3646971	854	856	855	855	855	856	856	856	856	856	856	856	856	856	856
860	856.876	0.3445907	855	857	856	856	856	857	857	857	857	857	857	857	857	857	857
861	857.881	0.3419882	856	858	857	857	857	858	858	858	858	858	858	858	858	858	858
862	858.89	0.3316776	857	859	858	858	858	859	859	859	859	859	859	859	859	859	859
863	859.891	0.3365	858	860	859	859	859	860	860	860	860	860	860	860	860	860	860
864	860.867	0.3680305	859	861	860	860	860	861	861	861	861	861	861	861	861	861	861
865	861.861	0.3712369	860	862	861	861	861	862	862	862	862	862	862	862	862	862	862
866	862.871	0.3471015	861	863	862	862	862	863	863	863	863	863	863	863	863	863	863
867	863.876	0.3474834	862	864	863	863	863	864	864	864	864	864	864	864	864	864	864
868	864.868	0.3642921	863	865	864	864	864	865	865	865	865	865	865	865	865	865	865
869	865.856	0.3916854	863	866	865	865	865	866	866	866	866	866	866	866	866	866	866
870	866.856	0.3865403	865	867	866	866	866	867	867	867	867	867	867	867	867	867	867
871	867.873	0.3701459	865	868	867	867	867	868	868	868	868	868	868	868	868	868	868
872	868.868	0.3615338	867	869	868	868	868	869	869	869	869	869	869	869	869	869	869
873	869.872	0.3546008	868	870	869	869	869	870	870	870	870	870	870	870	870	870	870
874	870.868	0.3670296	869	871	870	870	870	871	871	871	871	871	871	871	871	871	871
875	871.884	0.3444745	870	872	871	871	871	872	872	872	872	872	872	872	872	872	872
876	872.86	0.3722077	871	873	872	872	872	873	873	873	873	873	873	873	873	873	873
877	873.886	0.3363289	872	874	873	873	873	874	874	874	874	874	874	874	874	874	874
878	874.863	0.3852004	872	875	874	874	874	875	875	875	875	875	875	875	875	875	875
879	875.873	0.347839	874	876	875	875	875	876	876	876	876	876	876	876	876	876	876
880	876.892	0.3293090	875	877	876	876	876	877	877	877	877	877	877	877	877	877	877
881	877.866	0.3797212	875	878	877	877	877	878	878	878	878	878	878	878	878	878	878
882	878.881	0.3390486	877	879	878	878	878	879	879	879	879	879	879	879	879	879	879
883	879.877	0.3521292	877	880	879	879	879	880	880	880	880	880	880	880	880	880	880
884	880.861	0.3818702	878	881	880	880	880	881	881	881	881	881	881	881	881	881	881
885	881.895	0.3287599	880	882	881	881	882	882	882	882	882	882	882	882	882	882	882
886	882.862	0.3729545	881	883	882	882	882	883	883	883	883	883	883	883	883	883	883
887	883.889	0.332851	882	884	883	883	883	884	884	884	884	884	884	884	884	884	884
888	884.892	0.3262552	883	885	884	884	884	885	885	885	885	885	885	885	885	885	885
889	885.885	0.3404275	884	886	885	885	885	886	886	886	886	886	886	886	886	886	886
890	886.87	0.3566893	885	887	886	886	886	887	887	887	887	887	887	887	887	887	887
891	887.858	0.3794469	885	888	887	887	887	888	888	888	888	888	888	888	888	888	888
892	888.891	0.3212822	887	889	888	888	888	889	889	889	889	889	889	889	889	889	889
893	889.869	0.3714525	887	890	889	889	889	890	890	890	890	890	890	890	890	890	890
894	890.867	0.3625499	889	891	890	890	890	891	891	891	891	891	891	891	891	891	891
895	891.877	0.3463972	890	892	891	891	891	892	892	892	892	892	892	892	892	892	892
896	892.856	0.3839419	890	893	892	892	892	893	893	893	893	893	893	893	893	893	893
897	893.882	0.3466932	892	894	893	893	893	894	894	894	894	894	894	894	894	894	894
898	894.883	0.3338	893	895	894	894	894	895	895	895	895	895	895	895	895	895	895
899	895.896	0.3305954	894	896	895	895	896	896	896	896	896	896	896	896	896	896	896
900	896.874	0.3609075	895	897	896	896	896	897	897	897	897	897	897	897	897	897	897
901	897.875	0.3570749	896	898	897	897	897	898	898	898	898	898	898	898	898	898	898
902	898.88	0.3545782	897	899	898	898	898	899	899	899	899	899	899	899	899	899	899
903	899.855	0.3716357	898	900	899	899	899	900	900	900	900	900	900	900	900	900	900
904	900.875	0.3840866	897	901	900	900	900	901	901	901	901	901	901	901	901	901	901
905	901.871	0.3499735	900	902	901	901	901	902	902	902	902	902	902	902	902	902	902
906	902.896	0.3213834	901	903	902	902	903	903	903	903	903	903	903	903	903	903	903
907	903.876	0.3503523	902	904	903	903	903	904	904	904	904	904	904	904	904	904	904
908	904.898	0.3281824	903	905	904	904	905	905	905	905	905	905	905	905	905	905	905
909	905.862	0.3756289	904	906	905	905	905	906	906	906	906	906	906	906	906	906	906
910	906.875	0.3653882	904	907	906	906	906	907	907	907	907	907	907	907	907	907	907
911	907.893	0.3188301	906	908	907	907	907	908	908	908	908	908	908	908	908	908	908
912	908.867	0.3625499	907	909	908	908	908	909	909	909	909	909	909	909	909	909	909
913	909.88	0.3545782	908	910	909	909	909	910	910	910	910	910	910	910	910	910	910
914	910.893	0.3250487	909	911	910	910	910	911	911	911	911	911	911	911	911	911	911
915	911.871	0.3528222	910	912	911	911	911	912	912	912	912	912	912	912	912	912	912
916	912.877	0.3463972	910	913	912	912	912	913	913	913	913	913	913	913	913	913	913
917	913.866	0.3607966	912	914	913	913	913	914	914	914	914	914	914	914	914	914	914
918	914.887	0.3351766	912	915	914	914	914	915	915	915	915	915	915	915	915	915	915
919	915.867	0.3707404	914	916	915	915	915	916	916	916	916	916	916	916	916	916	916
920	916.903	0.3188929	915	917	916	916	917	917	917	917	917	917	917	917	917	917	917
921	917.859	0.4015972	915	918	917	917	917	918	918	918	918	918	918	918	918	918	918
922	918.879	0.3442056	917	919	918	918	918	919	919	919	919	919	919	919	919	919	919
923	919.888	0.3370008	918	920	919	919	919	920	920	920	920	920	920	920	920	920	920
924	920.86	0.3612901	919	921	920	920	920	921	921	921	921	921	921	921	921	921	921
925	921.854	0.3831851	919	922	921	921	921	922	922	922	922	922	922	922	922	922	922
926	922.866	0.3744118	921	923	922	922	922	923	923	923	923	923	923	923	923	923	923
927	923.88	0.3401701	922	924	923	923	923	924	924	924	924	924	924	924	924	924	924
928	924.871	0.3499735	923	925	924	924	924	925	925	925	925	925	925	925	925	925	925
929	925.872	0.3629707	924	926	925	925	925	926	926	926	926	926	926	926	926	926	926
930	926.88	0.3545782	925	927	926	926	926	927	927	927	927	927	927	927	927	927	927
931	927.883	0.3426783	926	928	927	927	927	928	928	928	928	928	928	928	928	928	928
932	928.888	0.3249024	927	929	928	928	928	929	929	929	929	929	929	929	929	929	929
933	929.872	0.3574126	928	930	929	929	929	930	930	930	930	930	930	930	930	930	930
934	930.87	0.3510317	929	931	930	930	930	931	931	931	931	931	931	931	931	931	931
935	931.863	0.3582727	930	932	931	931	931	932	932	932	932	932	932	932	932	932	932
936	932.881	0.3506593	930	933	932	932	932	933	933	933	933	933	933	933	933	933	933
937	933.873	0.3449493	932	934	933	933	933	934	934	934	934	934	934	934	934	934	934
938	934.875	0.3514235	932	935	934	934	934	935	935	935	935	935	935	935	935	935	935
939	935.887	0.3321767	934	936	935	935	935	936	936	936	936	936	936	936	936	936	936
940	936.894	0.3238346	935	937	936	936	936	937	937	937	937	937	937	937	937	937	937
941	937.881	0.347793	935	938	937	937	937	938	938	938	938	938	938	938	938	938	938
942	938.88	0.3545782	936	939	938	938	938	939	939	939	939	939	939	939	939	939	939
943	939.885	0.3404275	938	940	939	939	939	940	940	940	940	940	940	940	940	940	940
944	940.881	0.3506593	939	941	940	940	940	941	941	941	941	941	941	941	941	941	941
945	941.886	0.3303227	940	942	941	941	941	942	942	942	942	942	942	942	942	942	942
946	942.842	0.388828	941	943	942	942	942	943	943	943	943	943	943	943	943	943	943
947	943.886	0.3363289	942	944	943	943	943	944	944	944	944	944	944	944	944	944	944
948	944.85	0.3970613	942	945	944	944	944	945	945	945	945	945	945	945	945	945	945
949	945.872	0.3546008	943	946	945	945	945	946	946	946	946	946	946	946	946	946	946
950	946.88	0.3517438	944	947	946	946	946	947	947	947	947	947	947	947	947	947	947
951	947.865	0.3806835	945	948	947	947	947	948	948	948	948	948	948	948	948	948	948
952	948.874	0.3524886	946	949	948	948	948	949	949	949	949	949	949	949	949	949	949
953	949.845	0.3809463	948	950	949	949	949	950	950	950	950	950	950	950	950	950	950
954	950.886	0.3392921	949	951	950	950	950	951	951	951	951	951	951	951	951	951	951
955	951.873	0.3563678	950	952	951	951	951	952	952	952	952	952	952	952	952	952	952
956	952.877	0.3521292	950	953	952	952	952	953	953	953	953	953	953	953	953	953	953
957	953.874	0.3524886	952	954	953	953	953	954	954	954	954	954	954	954	954	954	954
958	954.887	0.3230098	953	955	954	954	954	955	955	955	955	955	955	955	955	955	955
959	955.865	0.3673008	954	956	955	955	955	956	956	956	956	956	956	956	956	956	956
960	956.862	0.3592841	955	957	956	956	956	957	957	957	957	957	957	957	957	957	957
961	957.868	0.3587544	956	958	957	957	957	958	958	958	958	958	958	958	958	958	958
962	958.867	0.3653005	957	959	958	958	958	959	959	959	959	959	959	959	959	959	959
963	959.862	0.3782844	958	960	959	959	959	960	960	960	960	960	960	960	960	960	960
964	960.872	0.3602024	959	961	960	960	960	961	961	961	961	961	961	961	961	961	961
965	961.884	0.3326479	960	962	961	961	961	962	962	962	962	962	962	962	962	962	962
966	962.872	0.3574126	961	963	962	962	962	963	963	963	963	963	963	963	963	963	963
967	963.858	0.3687438	962	964	963	963	963	964	964	964	964	964	964	964	964	964	964
968	964.878	0.3481914	962	965	964	964	964	965	965	965	965	965	965	965	965	965	965
969	965.891	0.3394617	963	966	965	965	965	966	966	966	966	966	966	966	966	966	966
970	966.867	0.3597783	965	967	966	966	966	967	967	967	967	967	967	967	967	967	967
971	967.889	0.3358449	966	968	967	967	967	968	968	968	968	968	968	968	968	968	968
972	968.875	0.3456798	967	969	968	968	968	969	969	969	969	969	969	969	969	969	969
973	969.882	0.3437938	968	970	969	969	969	970	970	970	970	970	970	970	970	970	970
974	970.879	0.3528222	969	971	970	970	970	971	971	971	971	971	971	971	971	971	971
975	971.868	0.3587544	970	972	971	971	971	972	972	972	972	972	972	972	972	972	972
976	972.869	0.3577247	971	973	972	972	972	973	973	973	973	973	973	973	973	973	973
977	973.871	0.3584515	972	974	973	973	973	974	974	974	974	974	974	974	974	974	974
978	974.886	0.3422296	973	975	974	974	974	975	975	975	975	975	975	975	975	975	975
979	975.87	0.3566893	974	976	975	975	975	976	976	976	976	976	976	976	976	976	976
980	976.867	0.3761017	974	977	976	976	976	977	977	977	977	977	977	977	977	977	977
981	977.88	0.3629487	975	978	977	977	977	978	978	978	978	978	978	978	978	978	978
982	978.866	0.3580114	977	979	978	978	978	979	979	979	979	979	979	979	979	979	979
983	979.896	0.3213834	978	980	979	979	980	980	980	980	980	980	980	980	980	980	980
984	980.868	0.3642921	979	981	980	980	980	981	981	981	981	981	981	981	981	981	981
985	981.895	0.3226129	980	982	981	981	981	982	982	982	982	982	982	982	982	982	982
986	982.885	0.334495	981	983	982	982	982	983	983	983	983	983	983	983	983	983	983
987	983.882	0.3552495	981	984	983	983	983	984	984	984	984	984	984	984	984	984	984
988	984.885	0.3519928	982	985	984	984	984	985	985	985	985	985	985	985	985	985	985
989	985.875	0.3485635	984	986	985	985	985	986	986	986	986	986	986	986	986	986	986
990	986.864	0.3710009	984	987	986	986	986	987	987	987	987	987	987	987	987	987	987
991	987.89	0.3346820	985	988	987	987	987	988	988	988	988	988	988	988	988	988	988
992	988.884	0.3444745	986	989	988	988	988	989	989	989	989	989	989	989	989	989	989
993	989.851	0.3961767	987	990	989	989	989	990	990	990	990	990	990	990	990	990	990
994	990.889	0.3446706	989	991	990	990	990	991	991	991	991	991	991	991	991	991	991
995	991.877	0.3521292	990	992	991	991	991	992	992	992	992	992	992	992	992	992	992
996	992.85	0.3790035	991	993	992	992	992	993	993	993	993	993	993	993	993	993	993
997	993.87	0.3566893	992	994	993	993	993	994	994	994	994	994	994	994	994	994	994
998	994.873	0.3701459	992	995	994	994	994	995	995	995	995	995	995	995	995	995	995
999	995.861	0.3765911	994	996	995	995	995	996	996	996	996	996	996	996	996	996	996
1000	996.897	0.3138304	995	997	996	996	996	997	997	997	997	997	997	997	997	997	997
