n	avg	sd	min	max	0.02	0.05	0.1	0.2	0.3	0.4	0.5	0.6	0.7	0.8	0.9	0.95	0.97
4	1.41	0.9125419	0	2	0	0	0	0	2	2	2	2	2	2	2	2	2
5	2.625	0.9556612	0	4	0	0	2	2	2	3	3	3	3	3	4	4	4
6	5.025	1.528631	0	7	2	2	3	4	4	5	6	6	6	6	7	7	7
7	7.37	1.663691	0	10	3	4	5	6	7	7	8	8	9	9	9	9	10
8	10.692	2.154479	3	16	6	7	8	9	10	10	11	12	12	12	13	14	14
9	14.031	2.249689	5	19	9	10	11	12	13	14	14	15	15	16	17	17	17
10	17.712	2.721482	7	24	12	13	14	15	16	17	18	19	19	20	21	22	22
11	21.718	2.934465	9	29	15	17	18	19	20	21	22	23	23	24	25	26	27
12	26.379	3.466898	14	35	18	20	22	24	25	26	26	27	28	29	31	32	32
13	30.421	3.734127	16	40	22	24	26	27	29	30	31	32	33	34	35	36	36
14	35.601	4.072884	21	47	27	29	30	32	34	35	36	37	38	39	41	42	43
15	40.031	4.366361	25	52	30	33	34	36	38	39	40	41	42	44	45	47	48
16	45.512	4.641702	32	63	36	38	39	42	43	44	46	46	48	49	51	53	54
17	50.766	4.938586	29	66	41	42	44	47	48	50	51	52	53	55	57	59	60
18	56.741	5.12935	37	75	47	48	50	52	54	56	57	58	59	61	63	65	66
19	62.326	5.607421	39	81	50	53	56	58	59	61	62	64	65	67	69	72	73
20	68.3	6.10502	50	87	56	58	61	63	65	67	68	70	72	73	76	78	80
21	74.331	6.551363	51	95	60	64	66	69	71	73	75	76	78	80	83	85	87
22	81.042	6.747278	57	102	66	70	73	75	77	80	81	83	85	86	90	92	93
23	86.867	7.078518	65	114	73	76	78	81	83	85	87	88	90	93	96	98	100
24	93.741	7.41059	72	114	78	81	84	87	90	92	94	96	98	100	103	106	108
25	100.398	7.503459	78	131	85	88	91	94	96	98	100	102	105	107	110	112	114
26	107.708	8.248805	81	133	90	94	97	101	104	106	108	110	112	114	118	122	123
27	114.282	8.120124	91	145	98	101	104	108	110	112	114	116	118	121	125	128	130
28	121.239	8.509894	95	147	103	107	110	114	117	119	121	123	126	128	132	135	137
29	128.423	9.00762	102	159	111	113	117	121	124	126	128	131	133	136	140	143	146
30	136.155	9.059528	107	165	118	121	125	129	131	134	136	138	141	143	148	151	154
31	142.981	10.23951	106	185	122	127	130	135	138	140	143	145	148	151	156	159	162
32	151.454	9.830897	123	191	132	135	138	143	146	149	152	154	156	160	165	168	171
33	159.333	10.30730	124	205	138	143	147	151	154	156	159	162	165	168	172	176	178
34	166.283	10.74488	133	198	145	149	153	157	160	163	166	169	172	175	181	185	187
35	173.887	11.16929	135	209	151	156	160	164	168	171	174	176	179	183	188	193	196
36	182.745	11.43962	150	221	159	165	168	173	177	180	183	185	188	192	197	202	206
37	191.057	11.55185	156	230	168	173	176	181	185	188	191	194	197	200	206	211	213
38	199.201	11.89244	164	236	176	180	184	189	193	196	199	202	205	209	215	220	223
39	206.503	12.38141	167	246	182	186	191	196	200	203	206	209	212	217	223	228	230
40	215.444	12.88809	181	262	190	196	199	205	209	211	214	218	221	226	233	237	242
41	224.082	12.75515	191	267	200	204	208	213	217	221	223	227	230	234	241	246	249
42	232.493	13.47774	194	276	205	211	216	221	225	229	232	236	240	244	250	254	257
43	241.858	14.27142	193	293	212	218	224	230	234	238	242	245	249	254	260	266	268
44	250.622	14.05100	198	304	223	228	233	239	244	246	250	254	258	263	269	273	275
45	259.132	14.29521	218	305	231	237	241	247	251	255	258	262	266	271	278	283	287
46	267.306	14.88865	216	328	237	244	249	255	259	263	267	271	275	279	286	292	295
47	277.413	14.67589	239	332	249	254	259	266	269	273	277	281	284	289	296	303	307
48	285.826	15.57043	240	343	256	260	266	273	278	281	285	289	293	299	306	312	316
49	294.058	15.55888	254	351	264	270	274	280	286	290	294	298	302	307	314	321	324
50	305.126	16.44349	251	363	274	279	285	291	297	301	304	308	313	319	326	332	338
51	314.233	16.66038	268	386	284	289	294	300	305	309	313	316	322	328	337	342	347
52	323.007	16.99393	260	385	289	296	301	309	314	318	322	327	331	337	345	351	357
53	333.489	17.63368	284	407	301	307	311	317	323	328	332	338	343	349	356	363	367
54	342.05	18.1698	288	410	308	313	319	327	332	337	341	346	350	358	366	372	378
55	351.872	18.30258	296	425	314	322	329	337	342	347	351	356	361	367	375	383	386
56	360.862	18.94703	309	428	326	332	337	344	349	355	360	365	371	377	386	394	398
57	371.717	18.25870	322	444	337	344	349	356	361	366	370	376	381	387	395	403	409
58	380.735	19.23280	320	457	343	350	357	365	370	375	380	385	390	396	405	413	418
59	391.334	19.64715	332	466	352	359	366	375	381	386	390	396	401	408	417	424	430
60	400.259	20.04909	346	474	361	370	376	384	389	394	399	404	410	416	426	436	442
61	410.466	20.34657	356	490	370	378	386	392	400	405	410	415	420	427	437	445	451
62	421.85	19.77667	360	492	382	392	397	405	411	416	421	425	432	439	448	456	460
63	431.379	20.90738	373	517	391	399	405	415	421	426	430	435	441	448	459	466	473
64	440.986	20.87797	386	520	402	408	415	423	430	435	440	446	451	457	467	476	481
65	451.971	21.23561	392	520	410	419	427	435	440	446	451	456	462	469	480	490	497
66	461.961	21.68487	403	539	419	426	436	444	450	456	461	466	473	480	489	498	505
67	470.898	22.75960	409	556	429	436	443	451	458	464	469	476	482	489	500	512	518
68	480.772	22.06769	411	564	438	446	453	463	469	475	479	485	492	499	509	519	523
69	493.313	22.77625	424	587	447	456	464	475	483	487	492	499	504	512	522	531	537
70	504.341	24.70662	442	603	460	467	474	484	490	496	502	508	516	525	537	550	556
71	514.701	24.08015	447	600	467	477	486	494	501	508	513	519	525	535	548	556	562
72	524.393	24.64837	449	617	481	488	494	504	510	518	522	528	535	543	557	571	577
73	536.33	26.80073	461	642	485	494	503	513	522	529	536	542	548	557	571	582	589
74	545.873	24.64517	466	640	500	508	516	525	532	538	544	552	558	566	578	589	595
75	556.24	25.38556	495	637	507	514	523	535	543	549	555	561	568	578	590	600	605
76	566.181	24.98104	496	644	520	528	536	544	552	558	564	571	578	588	600	610	618
77	578.09	24.95044	513	658	531	540	547	557	565	570	576	583	590	599	611	622	630
78	589.266	26.88684	502	705	537	547	557	567	575	581	588	594	602	610	624	634	642
79	600.549	26.29344	534	692	553	560	567	578	586	592	599	606	613	623	636	645	653
80	611.004	28.75439	538	719	558	567	576	587	594	602	609	615	625	635	648	658	668
81	623.33	28.40112	541	732	571	581	588	600	607	615	622	629	637	645	660	674	680
82	633.079	27.93219	559	736	581	589	599	610	617	624	632	639	646	656	669	679	685
83	645.706	27.97435	567	742	593	602	609	622	631	637	645	651	659	668	681	695	704
84	655.69	29.14397	591	769	601	611	620	630	638	647	654	661	671	681	693	703	712
85	666.795	28.88046	572	789	613	623	631	643	651	657	664	672	680	689	706	718	724
86	677.876	29.1697	589	789	626	632	641	653	661	669	675	684	692	700	715	730	739
87	691.915	30.96221	613	826	632	644	653	665	674	683	690	698	707	718	733	745	752
88	700.784	30.1791	621	824	643	652	663	676	684	692	700	708	716	725	740	754	761
89	712.192	29.58981	618	820	653	664	673	687	697	705	712	719	727	737	751	760	766
90	723.711	31.47822	643	819	665	675	685	696	705	713	722	731	741	751	765	779	787
91	734.752	31.05029	625	855	674	687	696	708	717	725	734	742	749	761	776	788	794
92	746.426	31.81240	662	860	688	698	707	719	730	736	744	752	760	772	788	801	813
93	759.031	32.95619	665	883	700	708	717	730	741	749	757	765	775	786	801	818	827
94	771.789	33.84441	677	903	708	720	731	741	753	762	770	778	787	800	816	828	839
95	782.517	31.40752	696	916	723	734	744	754	765	774	782	789	798	807	822	837	844
96	794.906	33.4823	691	913	733	743	754	765	777	784	794	802	812	823	838	852	861
97	806.481	33.71899	716	934	744	754	763	777	787	796	806	813	823	835	851	862	874
98	817.894	33.76668	694	941	757	767	777	789	800	806	815	825	834	846	861	876	889
99	830.769	33.54458	738	963	767	779	789	803	812	821	828	837	847	857	875	891	898
100	840.217	33.53056	746	995	775	788	798	811	822	831	840	847	856	869	884	896	904
101	851.453	34.45308	760	996	786	800	810	822	831	840	849	858	867	880	899	913	919
102	866.15	34.52752	774	999	800	813	824	835	847	855	863	874	883	896	914	925	934
103	878.116	34.70817	793	989	814	823	833	848	859	868	876	884	896	907	924	937	947
104	889.748	36.81712	781	1084	819	832	845	860	869	878	887	897	906	920	939	955	963
105	900.61	34.9801	801	1036	832	846	854	871	882	891	900	907	916	930	946	959	970
106	914.42	36.50131	821	1022	843	858	869	882	893	903	913	923	934	946	962	976	986
107	924.92	37.00499	810	1054	851	865	878	894	904	915	923	933	943	954	971	989	999
108	939.08	37.01856	844	1080	873	885	894	907	918	928	936	944	954	967	988	1006	1018
109	950.99	37.75836	838	1092	877	891	905	919	930	941	950	960	970	982	1001	1015	1024
110	960.974	38.17288	842	1115	890	902	915	927	938	948	957	969	980	993	1010	1025	1039
111	975.227	39.05641	873	1116	905	918	928	942	953	962	972	981	993	1006	1026	1043	1058
112	987.646	40.48656	891	1129	911	924	939	954	964	976	985	993	1006	1020	1038	1060	1073
113	999.178	40.78359	891	1179	927	939	950	966	977	985	995	1006	1018	1031	1051	1071	1083
114	1011.47	39.92519	908	1161	932	948	961	978	989	1001	1010	1019	1030	1042	1066	1080	1091
115	1022.94	39.05862	906	1155	950	960	972	989	1000	1013	1023	1032	1042	1054	1075	1089	1102
116	1039.673	41.58095	915	1207	961	976	990	1006	1018	1027	1036	1046	1058	1074	1096	1111	1126
117	1050.815	40.42936	932	1206	968	988	1001	1017	1029	1039	1049	1060	1070	1084	1102	1118	1129
118	1061.826	41.93734	966	1234	985	995	1008	1026	1041	1049	1059	1069	1081	1097	1114	1132	1146
119	1074.161	42.7592	955	1236	994	1006	1022	1038	1051	1062	1072	1083	1094	1107	1129	1145	1158
120	1087.829	43.06014	952	1257	1008	1022	1034	1051	1064	1075	1085	1096	1108	1124	1145	1161	1168
121	1100.745	44.77956	973	1265	1019	1032	1045	1062	1075	1087	1100	1111	1122	1137	1158	1179	1198
122	1114.547	42.45973	991	1268	1035	1048	1061	1079	1090	1103	1113	1124	1134	1148	1172	1187	1200
123	1123.499	44.30109	997	1271	1041	1056	1069	1085	1096	1110	1122	1133	1146	1161	1182	1202	1212
124	1137.666	44.2084	993	1302	1051	1070	1084	1101	1114	1125	1136	1146	1158	1172	1195	1215	1224
125	1150.432	45.09262	1021	1333	1062	1080	1094	1114	1126	1137	1150	1160	1171	1184	1206	1229	1239
126	1163.36	44.12345	1057	1326	1081	1099	1107	1124	1140	1149	1160	1172	1186	1201	1222	1238	1249
127	1173.305	43.02280	1050	1342	1088	1106	1121	1137	1150	1161	1171	1183	1194	1208	1229	1248	1259
128	1189.392	45.0383	1076	1353	1106	1118	1133	1150	1163	1175	1187	1198	1213	1228	1248	1266	1280
129	1202.119	44.95195	1086	1362	1114	1128	1145	1164	1178	1188	1201	1212	1224	1238	1261	1279	1293
130	1215.621	45.49744	1074	1405	1129	1144	1157	1178	1192	1202	1213	1225	1237	1251	1273	1294	1303
131	1230.531	47.85404	1097	1387	1145	1157	1173	1192	1204	1216	1226	1238	1251	1269	1296	1313	1335
132	1242.454	47.01247	1121	1420	1154	1170	1184	1204	1218	1227	1239	1251	1266	1281	1302	1320	1339
133	1254.627	43.9221	1124	1420	1168	1184	1199	1221	1232	1242	1253	1265	1276	1290	1309	1332	1343
134	1268.895	49.80376	1120	1472	1174	1195	1209	1228	1240	1253	1265	1278	1291	1309	1333	1355	1371
135	1280.293	47.82393	1129	1456	1194	1207	1221	1241	1254	1264	1275	1288	1300	1319	1344	1367	1381
136	1294.015	48.23627	1156	1470	1209	1222	1235	1252	1265	1278	1290	1304	1318	1335	1357	1376	1387
137	1306.303	50.77321	1179	1483	1208	1227	1245	1264	1277	1289	1304	1315	1330	1349	1374	1396	1408
138	1317.156	48.53561	1194	1485	1225	1244	1258	1276	1290	1302	1312	1325	1339	1356	1385	1405	1419
139	1330.92	49.95924	1197	1573	1234	1255	1269	1290	1305	1316	1327	1340	1355	1370	1395	1413	1431
140	1346.202	50.04732	1216	1538	1253	1268	1285	1302	1318	1331	1344	1356	1371	1387	1409	1433	1449
141	1359.384	50.66252	1183	1582	1264	1282	1294	1316	1332	1345	1358	1370	1383	1400	1425	1445	1456
142	1371.485	50.23624	1239	1543	1275	1296	1310	1329	1343	1354	1367	1380	1396	1413	1440	1456	1474
143	1386.757	50.29958	1252	1581	1292	1307	1320	1343	1362	1375	1384	1397	1412	1429	1452	1474	1482
144	1398.627	51.74156	1256	1590	1299	1317	1336	1353	1369	1383	1396	1410	1424	1441	1466	1490	1501
145	1411.363	49.8185	1259	1638	1317	1333	1350	1370	1384	1397	1411	1424	1437	1450	1472	1492	1506
146	1428.31	51.58846	1280	1672	1332	1346	1361	1384	1400	1415	1428	1440	1453	1471	1494	1507	1527
147	1441.919	52.60591	1305	1633	1341	1362	1377	1395	1413	1425	1438	1452	1466	1483	1514	1536	1550
148	1453.932	54.30603	1313	1650	1350	1368	1387	1406	1422	1438	1452	1466	1480	1500	1524	1545	1562
149	1465.715	52.04987	1308	1663	1359	1385	1403	1420	1437	1449	1463	1477	1490	1509	1531	1553	1571
150	1482.611	53.71932	1336	1654	1371	1399	1416	1439	1453	1466	1479	1494	1510	1527	1552	1571	1585
151	1493.338	53.89589	1359	1672	1396	1412	1425	1447	1462	1476	1490	1504	1518	1539	1565	1586	1603
152	1507.594	54.56756	1332	1684	1409	1423	1440	1459	1477	1489	1505	1520	1534	1551	1581	1605	1620
153	1521.385	57.8992	1376	1703	1411	1431	1448	1470	1488	1506	1520	1533	1548	1568	1596	1619	1647
154	1536.134	54.12912	1389	1738	1431	1451	1468	1491	1506	1521	1535	1547	1562	1580	1606	1629	1645
155	1547.142	57.48384	1377	1772	1436	1457	1475	1502	1515	1529	1544	1558	1571	1593	1623	1650	1672
156	1562.615	55.88794	1405	1780	1457	1479	1498	1516	1531	1544	1558	1572	1587	1608	1637	1665	1676
157	1575.001	56.46471	1414	1777	1471	1488	1503	1524	1542	1558	1573	1588	1604	1623	1650	1671	1684
158	1590.514	54.66989	1450	1783	1485	1505	1525	1543	1558	1574	1589	1604	1619	1635	1658	1682	1699
159	1600.735	57.4232	1453	1806	1499	1514	1530	1551	1568	1584	1597	1610	1627	1646	1679	1701	1719
160	1618.586	58.55051	1476	1863	1510	1528	1547	1567	1587	1600	1615	1630	1646	1667	1695	1716	1735
161	1630.563	57.35114	1486	1853	1529	1543	1557	1579	1600	1612	1626	1641	1659	1678	1707	1732	1744
162	1642.408	54.42494	1484	1841	1540	1554	1574	1598	1611	1628	1640	1654	1669	1687	1712	1736	1751
163	1657.144	58.19237	1493	1887	1546	1565	1586	1608	1625	1640	1654	1669	1685	1703	1730	1762	1780
164	1672.973	57.88496	1530	1938	1565	1580	1600	1622	1639	1656	1670	1687	1704	1721	1748	1769	1782
165	1683.656	58.08054	1503	1909	1575	1597	1613	1634	1652	1667	1678	1692	1711	1732	1756	1784	1805
166	1699.693	60.77836	1525	1967	1586	1601	1624	1648	1666	1681	1694	1712	1729	1751	1782	1806	1822
167	1715.764	57.84137	1554	1903	1599	1625	1646	1666	1685	1699	1714	1727	1745	1761	1790	1817	1833
168	1721.907	60.45295	1562	1938	1613	1630	1648	1672	1690	1702	1717	1731	1747	1769	1799	1831	1848
169	1741.393	59.93419	1576	1992	1623	1644	1665	1689	1711	1728	1740	1755	1771	1789	1819	1840	1852
170	1758.236	61.30248	1597	2006	1635	1663	1687	1710	1724	1741	1754	1768	1785	1807	1834	1863	1887
171	1765.441	60.20699	1605	2037	1659	1674	1688	1715	1734	1747	1763	1776	1793	1813	1847	1869	1887
172	1783.647	60.73959	1620	2009	1670	1685	1708	1734	1752	1766	1779	1794	1814	1833	1861	1885	1908
173	1797.965	62.25999	1621	2052	1683	1706	1724	1744	1760	1778	1793	1810	1830	1853	1879	1903	1919
174	1811.449	61.70266	1636	2024	1695	1715	1733	1761	1776	1792	1807	1823	1841	1863	1891	1917	1935
175	1825.286	61.94398	1671	2039	1714	1732	1747	1772	1790	1805	1821	1837	1855	1878	1909	1937	1950
176	1838.987	64.16039	1676	2088	1722	1740	1760	1783	1802	1817	1835	1853	1869	1892	1925	1953	1975
177	1851.887	60.29879	1681	2037	1739	1759	1777	1800	1816	1833	1847	1863	1882	1905	1930	1952	1974
178	1866.821	61.55806	1701	2082	1750	1771	1790	1815	1832	1847	1864	1880	1897	1918	1946	1975	1989
179	1884.119	63.3343	1701	2095	1766	1786	1807	1829	1847	1865	1881	1896	1917	1938	1968	1994	2009
180	1894.178	65.21871	1722	2155	1774	1799	1814	1839	1857	1872	1887	1906	1926	1949	1981	2011	2029
181	1913.159	67.28439	1716	2174	1783	1808	1829	1856	1877	1893	1910	1928	1945	1965	2001	2029	2050
182	1927.994	65.364	1768	2161	1808	1825	1848	1871	1889	1908	1925	1942	1960	1980	2015	2046	2062
183	1935.573	64.72602	1736	2145	1819	1837	1856	1882	1898	1911	1928	1948	1970	1991	2021	2055	2069
184	1954.126	65.41221	1756	2219	1831	1849	1874	1900	1920	1937	1950	1965	1982	2005	2039	2067	2086
185	1966.459	67.79227	1794	2180	1842	1858	1882	1910	1928	1946	1960	1977	1998	2024	2056	2084	2106
186	1979.932	68.52446	1810	2235	1850	1871	1893	1923	1942	1958	1975	1993	2014	2036	2070	2100	2118
187	1995.286	69.26858	1812	2224	1865	1886	1907	1936	1955	1973	1992	2010	2030	2054	2092	2116	2129
188	2014.425	67.79604	1830	2305	1887	1906	1929	1958	1976	1995	2014	2028	2046	2068	2098	2135	2152
189	2025.784	69.95979	1854	2281	1904	1922	1940	1966	1985	2003	2020	2037	2055	2083	2120	2154	2177
190	2041.946	69.74836	1852	2366	1904	1929	1955	1985	2004	2022	2038	2057	2077	2100	2132	2157	2175
191	2054.883	69.24835	1872	2394	1930	1952	1971	1995	2012	2032	2052	2070	2088	2112	2143	2179	2193
192	2072.285	69.70004	1896	2341	1949	1963	1981	2012	2031	2051	2069	2088	2106	2130	2164	2191	2209
193	2081.776	70.82939	1913	2420	1955	1979	1996	2020	2041	2058	2076	2095	2114	2139	2178	2210	2227
194	2098.708	71.63895	1890	2468	1966	1991	2012	2042	2058	2077	2093	2112	2134	2155	2192	2228	2257
195	2111.923	70.55458	1925	2400	1979	1999	2027	2052	2071	2090	2107	2127	2146	2174	2206	2235	2252
196	2126.472	70.15148	1949	2424	1993	2015	2036	2065	2087	2106	2125	2141	2159	2186	2221	2249	2264
197	2135.771	73.45716	1947	2461	2002	2024	2044	2073	2095	2114	2131	2149	2171	2195	2229	2263	2283
198	2157.121	71.95809	1974	2462	2025	2048	2066	2097	2118	2133	2151	2170	2192	2214	2251	2286	2308
199	2166.436	71.51788	1979	2430	2032	2054	2075	2104	2127	2145	2163	2183	2201	2224	2258	2286	2310
200	2181.582	72.11012	1977	2469	2051	2067	2088	2118	2140	2161	2178	2198	2218	2240	2277	2304	2326
201	2199.117	74.20165	2007	2598	2067	2086	2110	2138	2160	2177	2192	2210	2234	2259	2293	2326	2349
202	2214.75	73.96801	2023	2464	2083	2100	2123	2152	2172	2190	2210	2229	2250	2273	2317	2343	2360
203	2228.612	75.08155	2042	2450	2082	2113	2134	2164	2185	2205	2224	2245	2265	2293	2329	2359	2380
204	2245.067	76.34411	2050	2508	2103	2124	2151	2180	2201	2224	2241	2261	2283	2306	2344	2383	2396
205	2262.419	73.94941	2052	2597	2121	2149	2169	2200	2223	2242	2259	2278	2298	2323	2359	2385	2404
206	2277.954	76.01537	2082	2604	2136	2158	2183	2214	2233	2257	2275	2294	2317	2339	2374	2413	2430
207	2289.281	73.94819	2096	2562	2147	2174	2194	2225	2249	2267	2286	2304	2325	2351	2391	2416	2434
208	2305.714	77.07673	2077	2569	2153	2182	2207	2243	2262	2282	2301	2320	2342	2370	2408	2442	2456
209	2317.054	74.20956	2113	2630	2176	2208	2228	2253	2274	2292	2311	2332	2354	2377	2413	2444	2458
210	2332.147	76.45045	2112	2597	2189	2213	2236	2267	2287	2311	2330	2348	2366	2395	2434	2466	2480
211	2350.358	76.25554	2150	2656	2208	2231	2256	2286	2309	2327	2345	2366	2388	2412	2452	2482	2501
212	2365.121	74.96344	2133	2651	2231	2254	2274	2305	2322	2341	2359	2379	2400	2424	2461	2497	2522
213	2377.105	77.39706	2160	2658	2226	2256	2285	2313	2334	2351	2372	2391	2412	2441	2483	2511	2530
214	2393.955	79.605	2181	2770	2250	2278	2298	2326	2347	2369	2390	2410	2429	2454	2498	2533	2561
215	2405.287	76.65135	2177	2641	2250	2287	2308	2338	2365	2385	2403	2423	2442	2470	2504	2536	2554
216	2417.841	78.80076	2196	2707	2266	2293	2319	2352	2375	2396	2414	2435	2458	2481	2518	2551	2575
217	2440.336	81.14519	2254	2782	2292	2315	2341	2373	2395	2413	2431	2453	2476	2507	2546	2593	2612
218	2451.081	81.74287	2228	2748	2299	2329	2353	2384	2406	2422	2445	2464	2487	2516	2566	2597	2621
219	2470.057	81.46724	2214	2746	2317	2344	2368	2401	2424	2447	2468	2488	2508	2533	2575	2618	2640
220	2485.049	84.67387	2240	2815	2322	2354	2382	2413	2435	2459	2481	2502	2525	2556	2596	2637	2656
221	2497.771	80.69148	2297	2790	2345	2371	2398	2430	2452	2474	2494	2515	2537	2566	2602	2640	2657
222	2512.202	83.35572	2290	2833	2352	2381	2404	2437	2465	2486	2511	2530	2554	2579	2625	2653	2679
223	2528.16	86.01875	2306	2856	2364	2390	2419	2456	2481	2505	2524	2545	2570	2599	2642	2674	2695
224	2547.756	82.98412	2291	2881	2388	2415	2443	2477	2502	2523	2544	2565	2588	2612	2652	2693	2716
225	2552.01	82.0574	2334	2908	2408	2425	2451	2482	2508	2526	2545	2565	2588	2617	2659	2700	2721
226	2573.934	81.69824	2307	2851	2420	2452	2473	2503	2530	2551	2570	2587	2609	2639	2686	2717	2737
227	2586.975	84.3711	2360	2946	2428	2453	2482	2517	2539	2563	2582	2601	2625	2658	2700	2738	2752
228	2603.486	85.88614	2405	2929	2443	2472	2495	2530	2559	2578	2597	2618	2647	2672	2718	2750	2783
229	2623.474	87.9233	2394	2930	2467	2490	2515	2547	2575	2594	2618	2641	2665	2698	2741	2776	2797
230	2629.994	80.87529	2395	2948	2480	2502	2524	2560	2584	2605	2629	2647	2671	2698	2733	2769	2792
231	2645.313	81.05719	2423	2901	2481	2520	2543	2576	2602	2620	2641	2663	2687	2713	2749	2785	2809
232	2665.256	87.38749	2431	3096	2506	2528	2553	2590	2616	2640	2660	2685	2711	2738	2777	2822	2836
233	2678.511	83.31386	2440	3033	2509	2546	2570	2610	2635	2655	2675	2695	2720	2747	2781	2813	2847
234	2690.377	85.15733	2459	3028	2531	2559	2584	2620	2646	2664	2683	2707	2727	2756	2802	2843	2870
235	2709.552	84.91242	2479	3042	2545	2574	2604	2635	2666	2686	2703	2728	2748	2776	2827	2860	2882
236	2726.612	90.28362	2504	3333	2563	2589	2623	2654	2678	2698	2721	2741	2765	2793	2840	2883	2911
237	2740.86	92.02965	2519	3094	2570	2599	2627	2661	2687	2710	2734	2759	2789	2819	2859	2896	2918
238	2758.338	91.01471	2524	3068	2586	2619	2650	2682	2707	2730	2754	2775	2800	2833	2879	2921	2941
239	2774.824	90.24694	2504	3129	2601	2640	2669	2701	2723	2741	2768	2792	2818	2847	2891	2932	2957
240	2788.085	89.28737	2564	3176	2621	2648	2673	2710	2737	2761	2785	2806	2831	2860	2906	2941	2964
241	2801.645	84.08715	2545	3168	2651	2672	2693	2729	2755	2777	2796	2820	2845	2869	2917	2946	2964
242	2815.338	88.65899	2570	3121	2640	2672	2705	2741	2766	2791	2809	2833	2860	2893	2928	2974	2997
243	2836.41	89.656	2558	3110	2671	2696	2723	2757	2784	2809	2831	2854	2878	2911	2958	2992	3011
244	2850.429	89.23527	2585	3243	2688	2716	2744	2775	2799	2824	2845	2868	2892	2915	2960	3005	3047
245	2863.528	88.98856	2604	3172	2699	2722	2750	2783	2815	2837	2860	2883	2908	2939	2976	3014	3038
246	2880.652	90.2939	2635	3188	2714	2734	2768	2800	2830	2852	2877	2902	2925	2954	3002	3037	3060
247	2894.349	90.65425	2587	3215	2727	2758	2783	2817	2844	2865	2888	2912	2934	2971	3019	3056	3080
248	2905.412	92.5899	2676	3253	2732	2761	2789	2827	2851	2876	2899	2926	2955	2982	3023	3065	3095
249	2925.654	92.75339	2647	3312	2758	2787	2815	2846	2873	2896	2920	2945	2968	2997	3043	3096	3127
250	2938.591	92.30555	2694	3319	2776	2795	2822	2860	2888	2912	2933	2955	2980	3015	3059	3100	3127
251	2961.818	92.03074	2715	3273	2789	2821	2850	2882	2908	2930	2958	2980	3007	3039	3077	3126	3154
252	2975.73	93.4511	2737	3311	2800	2831	2859	2894	2922	2946	2973	2997	3020	3052	3097	3135	3161
253	2991.921	94.86787	2715	3370	2806	2841	2871	2911	2939	2963	2990	3014	3041	3074	3113	3147	3167
254	3004.232	91.15075	2733	3279	2828	2856	2886	2929	2953	2978	3003	3025	3049	3079	3123	3163	3191
255	3020.909	96.49711	2770	3388	2840	2873	2899	2935	2966	2993	3019	3039	3064	3103	3147	3192	3220
256	3037.237	95.3485	2771	3330	2855	2892	2917	2953	2980	3009	3035	3057	3083	3118	3160	3210	3232
257	3047.77	91.34598	2808	3385	2878	2908	2932	2967	2994	3019	3043	3066	3096	3123	3168	3207	3228
258	3064.149	97.52846	2813	3394	2880	2913	2943	2982	3015	3037	3057	3080	3109	3140	3192	3238	3270
259	3080.992	96.1901	2864	3427	2911	2934	2962	2996	3024	3050	3073	3100	3131	3158	3215	3250	3268
260	3093.673	88.47808	2823	3414	2930	2956	2979	3016	3045	3069	3089	3113	3137	3168	3207	3249	3273
261	3114.599	99.26912	2848	3469	2944	2964	2993	3026	3054	3081	3108	3135	3163	3196	3247	3296	3321
262	3135.166	100.0021	2857	3520	2957	2981	3009	3052	3080	3102	3125	3153	3182	3216	3267	3318	3340
263	3151.161	97.89425	2831	3490	2962	2998	3031	3066	3099	3122	3146	3174	3200	3236	3273	3314	3340
264	3166.694	102.0487	2913	3566	2985	3013	3041	3081	3111	3135	3159	3184	3212	3250	3294	3347	3377
265	3178.587	101.3973	2947	3495	2986	3025	3054	3087	3120	3146	3172	3200	3231	3264	3317	3352	3379
266	3190.503	96.25685	2937	3564	3005	3040	3064	3106	3139	3165	3188	3213	3237	3270	3314	3357	3378
267	3206.471	99.81645	2952	3512	3017	3055	3077	3118	3150	3175	3205	3227	3257	3292	3340	3377	3397
268	3231.307	98.63486	2961	3615	3043	3080	3108	3145	3175	3201	3226	3251	3280	3311	3364	3407	3426
269	3238.844	97.57498	2964	3604	3050	3091	3117	3153	3183	3206	3230	3259	3285	3319	3369	3409	3435
270	3261.04	102.6359	2963	3807	3066	3102	3138	3173	3204	3229	3258	3285	3308	3341	3389	3438	3466
271	3269.388	101.0151	3022	3681	3080	3113	3145	3185	3212	3236	3262	3286	3318	3352	3404	3447	3475
272	3289.669	102.8355	3041	3686	3099	3129	3164	3201	3230	3257	3282	3309	3339	3376	3429	3462	3493
273	3302.701	101.6389	3033	3697	3114	3151	3176	3215	3247	3270	3296	3323	3350	3385	3434	3482	3515
274	3323.488	100.698	3059	3720	3133	3163	3197	3239	3267	3293	3319	3342	3370	3408	3458	3503	3522
275	3340.721	102.5319	3086	3791	3148	3188	3218	3254	3279	3306	3330	3364	3391	3423	3477	3526	3550
276	3351.68	101.9894	3080	3678	3157	3198	3225	3258	3290	3320	3349	3375	3406	3441	3483	3523	3555
277	3362.659	100.8114	3118	3751	3180	3209	3234	3274	3309	3332	3359	3385	3410	3449	3488	3528	3560
278	3384.636	103.5200	3082	4014	3180	3226	3254	3300	3330	3355	3379	3407	3431	3464	3518	3567	3599
279	3396.36	104.4712	3129	3768	3191	3228	3268	3311	3338	3364	3391	3420	3445	3480	3530	3584	3608
280	3418.549	104.2241	3111	3845	3225	3254	3283	3328	3358	3389	3412	3442	3474	3513	3555	3588	3606
281	3428.46	107.1198	3149	3966	3235	3266	3300	3341	3368	3393	3421	3447	3474	3513	3569	3612	3648
282	3450.493	107.0199	3181	3884	3250	3289	3323	3358	3390	3417	3444	3469	3499	3537	3590	3635	3660
283	3458.901	108.1583	3174	3881	3254	3286	3326	3367	3400	3429	3454	3480	3514	3544	3589	3635	3671
284	3481.06	108.1650	3221	3893	3284	3313	3346	3388	3419	3448	3474	3504	3531	3569	3630	3670	3695
285	3495.241	104.6899	3247	3871	3295	3335	3367	3402	3435	3463	3492	3517	3547	3580	3633	3670	3706
286	3513.252	103.4101	3234	3926	3311	3351	3380	3426	3456	3482	3508	3534	3565	3598	3645	3687	3723
287	3533.131	110.7305	3259	4106	3326	3359	3394	3439	3472	3500	3527	3552	3585	3628	3673	3721	3751
288	3547.404	108.6245	3213	4033	3351	3382	3416	3454	3484	3513	3542	3571	3598	3634	3688	3740	3765
289	3556.456	108.0622	3238	4004	3350	3391	3428	3464	3499	3526	3552	3577	3602	3640	3693	3744	3787
290	3577.59	105.5952	3283	3966	3379	3415	3449	3487	3523	3547	3571	3595	3626	3662	3718	3763	3795
291	3583.456	106.9098	3290	4011	3394	3420	3446	3488	3522	3553	3577	3604	3636	3673	3722	3770	3801
292	3608.509	109.3325	3325	3987	3393	3442	3474	3513	3549	3579	3604	3633	3662	3700	3741	3791	3841
293	3622.577	112.8503	3294	4140	3405	3451	3487	3530	3558	3586	3616	3649	3678	3715	3767	3810	3844
294	3642.431	110.0659	3336	4016	3434	3469	3504	3547	3582	3608	3637	3665	3698	3736	3787	3825	3858
295	3656.157	108.2351	3381	4033	3457	3487	3524	3563	3594	3619	3650	3676	3710	3745	3798	3840	3891
296	3676.195	112.3789	3355	4078	3463	3508	3541	3583	3612	3642	3670	3699	3724	3764	3821	3886	3923
297	3685.982	110.2383	3418	4081	3474	3512	3547	3589	3622	3651	3681	3709	3744	3783	3829	3872	3900
298	3698.56	109.4740	3419	4133	3488	3521	3556	3609	3639	3670	3696	3720	3751	3785	3837	3890	3919
299	3722.913	109.1943	3425	4129	3511	3555	3589	3631	3660	3684	3714	3747	3776	3819	3865	3910	3939
300	3742.705	112.4883	3460	4120	3535	3569	3602	3646	3681	3713	3736	3765	3793	3834	3887	3942	3969
301	3749.862	111.3103	3419	4173	3541	3587	3612	3655	3686	3715	3738	3772	3808	3845	3892	3932	3965
302	3773.162	116.9692	3461	4238	3553	3595	3632	3672	3707	3735	3762	3796	3825	3868	3932	3980	4010
303	3790.718	120.4778	3502	4305	3577	3610	3641	3688	3724	3751	3782	3811	3844	3885	3952	4003	4038
304	3805.14	113.4126	3505	4276	3588	3631	3664	3710	3739	3774	3802	3834	3855	3893	3951	4002	4039
305	3818.082	112.9832	3479	4256	3600	3643	3677	3726	3761	3787	3812	3840	3868	3905	3972	4010	4040
306	3834.679	114.3339	3502	4274	3620	3667	3699	3735	3769	3798	3829	3853	3885	3930	3984	4033	4074
307	3856.662	115.9402	3559	4321	3633	3672	3714	3757	3794	3825	3853	3880	3912	3947	3998	4055	4092
308	3866.994	116.5644	3515	4256	3646	3690	3724	3767	3799	3833	3862	3891	3919	3965	4019	4071	4100
309	3879.765	114.4157	3588	4338	3662	3701	3736	3787	3817	3847	3871	3900	3932	3974	4033	4078	4111
310	3897.415	112.5240	3582	4341	3684	3718	3753	3804	3833	3864	3892	3923	3951	3988	4039	4097	4121
311	3921.793	118.178	3605	4405	3703	3740	3778	3821	3855	3886	3915	3943	3978	4019	4083	4120	4153
312	3938.816	116.6783	3627	4353	3723	3753	3790	3839	3876	3904	3931	3961	3997	4041	4085	4135	4170
313	3951.207	118.9988	3619	4416	3730	3765	3803	3854	3887	3915	3941	3971	4005	4050	4106	4163	4201
314	3966.962	122.2584	3664	4489	3748	3780	3816	3862	3895	3931	3957	3992	4024	4067	4131	4179	4211
315	3988.578	119.6766	3694	4501	3772	3805	3831	3882	3918	3951	3985	4021	4050	4086	4139	4191	4234
316	4001.688	113.1050	3663	4442	3776	3824	3865	3902	3941	3969	3997	4024	4055	4093	4151	4193	4214
317	4012.607	114.1074	3696	4463	3795	3842	3874	3924	3950	3977	4004	4032	4064	4101	4157	4211	4250
318	4034.123	121.9865	3714	4498	3797	3847	3887	3938	3967	3995	4025	4053	4090	4132	4186	4247	4288
319	4051.54	118.2566	3741	4558	3839	3872	3911	3951	3983	4014	4043	4071	4107	4146	4201	4250	4299
320	4067.976	119.3558	3761	4482	3843	3886	3920	3966	4003	4030	4055	4089	4123	4169	4227	4284	4314
321	4086.06	116.4405	3738	4480	3872	3902	3940	3987	4021	4051	4079	4106	4141	4179	4240	4289	4327
322	4099.168	121.1051	3764	4597	3853	3909	3949	4000	4034	4066	4095	4123	4156	4194	4252	4311	4333
323	4117.277	119.3736	3736	4564	3877	3923	3969	4011	4053	4084	4117	4143	4176	4217	4275	4313	4345
324	4130.27	123.9837	3846	4701	3901	3942	3978	4027	4062	4090	4120	4151	4186	4230	4292	4348	4390
325	4146.857	123.1422	3787	4637	3925	3960	3995	4042	4077	4109	4136	4170	4204	4248	4316	4356	4386
326	4165.532	121.4021	3762	4629	3946	3985	4016	4060	4094	4129	4158	4193	4221	4265	4326	4369	4401
327	4185.977	127.3342	3840	4830	3948	3985	4028	4082	4121	4146	4173	4206	4245	4296	4352	4409	4439
328	4206.798	119.5692	3820	4605	3964	4025	4062	4104	4144	4171	4201	4228	4267	4306	4364	4407	4442
329	4221.296	125.0415	3900	4696	3979	4022	4054	4114	4150	4188	4216	4248	4284	4326	4383	4434	4471
330	4234.572	127.1266	3920	4645	3990	4045	4078	4123	4164	4198	4228	4258	4297	4336	4409	4459	4491
331	4250.435	126.333	3921	4773	4007	4052	4093	4140	4186	4214	4248	4276	4311	4346	4405	4460	4513
332	4263.044	124.8523	3939	4784	4027	4075	4112	4154	4195	4225	4251	4284	4320	4368	4427	4482	4512
333	4280.403	120.6163	3950	4703	4048	4095	4134	4176	4211	4246	4276	4309	4340	4380	4436	4491	4524
334	4298.194	126.1614	3977	4858	4063	4104	4140	4188	4225	4258	4292	4326	4359	4401	4460	4524	4547
335	4312.896	128.6333	3994	4782	4066	4115	4157	4203	4239	4274	4307	4336	4372	4412	4486	4541	4574
336	4333.838	125.5681	3998	4793	4100	4137	4174	4230	4265	4297	4324	4359	4393	4441	4500	4552	4593
337	4338.943	132.0758	3951	4821	4078	4137	4182	4229	4266	4296	4331	4363	4400	4449	4516	4556	4609
338	4370.222	127.6601	3987	4787	4131	4167	4214	4266	4297	4331	4364	4397	4430	4478	4547	4597	4616
339	4381.122	130.1282	4031	4889	4139	4180	4222	4271	4312	4344	4377	4406	4442	4483	4552	4602	4646
340	4398.866	132.5751	4103	4913	4152	4197	4229	4286	4326	4359	4388	4419	4458	4510	4579	4637	4672
341	4414.597	126.2452	4073	4918	4184	4217	4257	4309	4343	4374	4406	4434	4474	4519	4589	4631	4667
342	4424.99	125.1845	4101	4950	4187	4228	4267	4316	4353	4387	4419	4452	4489	4534	4595	4640	4665
343	4451.752	134.1740	4018	4995	4207	4247	4284	4341	4376	4406	4443	4479	4516	4564	4621	4680	4723
344	4460.371	120.1029	4144	4861	4233	4280	4311	4357	4392	4423	4456	4484	4517	4563	4617	4662	4702
345	4479.886	130.5100	4098	4942	4235	4282	4317	4364	4408	4442	4474	4505	4541	4589	4652	4712	4740
346	4506.191	136.8845	4120	5037	4258	4298	4335	4389	4429	4462	4502	4538	4572	4617	4681	4740	4773
347	4512.746	131.7855	4128	5016	4274	4312	4353	4402	4439	4467	4501	4540	4574	4615	4691	4739	4779
348	4539.863	128.1174	4220	5035	4278	4334	4376	4432	4469	4506	4539	4570	4603	4641	4711	4748	4775
349	4549.487	126.7741	4179	5063	4296	4339	4389	4441	4480	4516	4548	4578	4618	4654	4713	4751	4785
350	4568.54	135.5778	4175	5018	4316	4352	4406	4459	4496	4526	4557	4591	4630	4681	4750	4812	4844
351	4583.107	136.6211	4190	5195	4337	4380	4416	4465	4505	4542	4573	4605	4645	4694	4767	4829	4861
352	4607.488	131.2877	4231	5221	4360	4414	4449	4493	4534	4566	4595	4634	4670	4713	4778	4834	4869
353	4621.044	138.9151	4227	5228	4363	4419	4452	4498	4544	4576	4604	4646	4683	4735	4811	4875	4904
354	4637.019	130.0254	4317	5258	4395	4440	4474	4530	4565	4597	4627	4658	4697	4736	4811	4871	4905
355	4661.981	134.9158	4244	5076	4419	4456	4493	4548	4585	4616	4651	4688	4728	4775	4840	4896	4932
356	4666.059	137.2448	4308	5244	4414	4459	4499	4544	4588	4621	4657	4695	4730	4775	4842	4904	4932
357	4693.355	132.9377	4302	5223	4443	4492	4533	4583	4622	4653	4682	4715	4754	4795	4874	4932	4961
358	4703.103	135.7220	4326	5203	4436	4497	4537	4588	4627	4664	4698	4734	4771	4807	4875	4931	4969
359	4719.407	135.2932	4378	5256	4459	4509	4550	4602	4643	4678	4709	4747	4787	4827	4893	4957	4992
360	4734.113	133.1669	4317	5140	4482	4525	4569	4618	4658	4693	4725	4763	4805	4847	4911	4959	4997
361	4756.754	135.6796	4369	5217	4503	4544	4587	4635	4678	4715	4746	4788	4832	4879	4936	4984	5011
362	4776.946	144.2018	4464	5353	4498	4550	4594	4652	4694	4734	4766	4805	4850	4897	4969	5028	5057
363	4791.493	136.2859	4345	5274	4548	4581	4623	4677	4714	4746	4783	4816	4859	4902	4974	5029	5055
364	4808.618	137.3731	4486	5296	4560	4606	4641	4691	4730	4763	4794	4830	4878	4919	4983	5042	5109
365	4827.042	142.2864	4418	5303	4548	4607	4652	4708	4749	4784	4819	4848	4896	4943	5015	5065	5121
366	4838.282	143.4607	4385	5354	4557	4608	4666	4724	4764	4799	4828	4868	4899	4943	5016	5102	5154
367	4861.531	141.7922	4487	5389	4587	4646	4693	4738	4780	4816	4851	4888	4929	4977	5047	5105	5162
368	4879.55	138.3762	4479	5372	4616	4674	4716	4759	4798	4833	4866	4903	4947	4993	5071	5131	5161
369	4891.795	138.4279	4481	5405	4614	4675	4725	4770	4817	4855	4886	4920	4960	5007	5070	5122	5147
370	4914.356	143.6110	4502	5459	4641	4704	4742	4793	4833	4868	4905	4941	4980	5030	5103	5162	5209
371	4934.326	143.0737	4475	5510	4667	4721	4766	4818	4852	4888	4920	4961	5001	5048	5114	5180	5226
372	4951.795	142.1204	4587	5488	4680	4730	4778	4830	4870	4913	4941	4980	5020	5065	5135	5192	5242
373	4962.221	142.7820	4661	5555	4710	4753	4789	4836	4878	4917	4951	4984	5024	5082	5150	5224	5256
374	4981.503	138.8143	4581	5511	4696	4772	4814	4862	4899	4943	4976	5013	5053	5101	5165	5213	5248
375	4983.574	140.7976	4599	5460	4726	4776	4810	4864	4902	4937	4974	5010	5048	5097	5172	5239	5276
376	5020.775	148.3352	4575	5648	4756	4794	4834	4892	4940	4976	5013	5048	5093	5139	5214	5272	5321
377	5038.279	140.2845	4634	5520	4775	4817	4865	4919	4960	5000	5037	5073	5108	5148	5217	5278	5319
378	5049.656	139.2003	4608	5475	4781	4824	4869	4928	4973	5011	5044	5082	5117	5168	5231	5287	5317
379	5062.278	145.883	4665	5653	4784	4834	4882	4942	4984	5018	5053	5093	5126	5170	5255	5327	5374
380	5089.46	141.5341	4686	5765	4827	4869	4911	4971	5015	5051	5083	5119	5157	5201	5256	5316	5374
381	5089.991	144.4488	4651	5652	4806	4861	4915	4969	5012	5053	5084	5121	5154	5204	5268	5333	5378
382	5109.728	150.0542	4644	5633	4844	4887	4925	4986	5020	5062	5099	5134	5174	5233	5314	5374	5411
383	5132.901	147.4453	4732	5614	4861	4900	4953	5006	5051	5087	5122	5155	5199	5253	5333	5389	5437
384	5142.972	146.9722	4769	5734	4865	4909	4953	5018	5064	5098	5132	5173	5218	5268	5335	5389	5432
385	5167.676	147.8967	4786	5804	4874	4944	4988	5044	5085	5119	5157	5192	5238	5293	5356	5429	5465
386	5184.325	147.8989	4740	5777	4913	4951	5003	5056	5104	5139	5176	5215	5253	5304	5376	5438	5492
387	5203.889	147.6001	4844	5713	4934	4978	5014	5071	5117	5158	5197	5236	5278	5327	5409	5453	5497
388	5220.271	148.0802	4830	5916	4937	4985	5039	5094	5137	5178	5212	5245	5298	5346	5413	5469	5503
389	5244.5	146.9638	4869	5883	4965	5023	5068	5119	5163	5199	5234	5269	5310	5361	5436	5504	5550
390	5254.28	145.666	4844	5752	4984	5024	5064	5128	5176	5211	5249	5289	5324	5375	5440	5498	5550
391	5269.634	149.8885	4875	5835	4995	5039	5082	5140	5188	5223	5258	5300	5345	5400	5471	5534	5559
392	5279.591	142.6133	4911	5915	5033	5066	5102	5155	5200	5235	5270	5304	5343	5395	5465	5534	5578
393	5309.75	147.1562	4963	5856	5040	5083	5127	5183	5234	5264	5302	5334	5372	5426	5507	5584	5623
394	5323.037	150.4493	4857	5819	5041	5092	5136	5192	5239	5279	5316	5351	5396	5448	5513	5574	5634
395	5341.814	148.5838	4936	5896	5062	5108	5157	5215	5261	5297	5334	5375	5419	5460	5540	5599	5636
396	5368.729	152.8093	4956	5861	5057	5122	5176	5240	5283	5321	5364	5405	5447	5503	5563	5616	5659
397	5380.011	143.6173	4979	5955	5098	5150	5204	5260	5304	5338	5369	5407	5446	5498	5578	5618	5669
398	5392.388	150.3270	4980	6140	5115	5171	5212	5266	5305	5342	5381	5420	5458	5520	5581	5656	5693
399	5403.039	154.8337	4960	5896	5112	5151	5208	5270	5313	5359	5398	5441	5483	5529	5595	5657	5718
400	5424.999	151.3535	5083	5953	5146	5194	5237	5295	5334	5379	5412	5454	5492	5552	5626	5700	5745
401	5435.148	150.8524	4992	6240	5158	5201	5250	5312	5355	5390	5427	5463	5500	5556	5624	5696	5739
402	5462.761	150.6661	5023	6085	5181	5229	5278	5332	5380	5418	5452	5493	5534	5581	5649	5740	5774
403	5486.96	151.4497	5099	6203	5222	5260	5306	5357	5397	5437	5474	5512	5554	5614	5682	5751	5787
404	5491.039	156.0188	5020	6103	5183	5251	5300	5359	5405	5445	5485	5525	5566	5618	5687	5759	5807
405	5518.867	160.8475	5117	6139	5222	5270	5321	5382	5426	5472	5507	5553	5593	5651	5727	5799	5833
406	5533.608	162.8422	5100	6111	5230	5274	5328	5395	5444	5486	5520	5568	5610	5669	5743	5822	5870
407	5555.021	153.9411	5119	6004	5250	5307	5359	5420	5474	5510	5548	5587	5630	5680	5754	5825	5870
408	5568.524	156.1604	5161	6123	5281	5327	5370	5437	5478	5522	5563	5599	5645	5694	5762	5847	5898
409	5591.514	161.7214	5182	6298	5280	5346	5387	5459	5504	5544	5579	5622	5668	5726	5794	5871	5917
410	5604.879	155.4020	5247	6187	5315	5368	5407	5468	5519	5556	5600	5639	5679	5726	5804	5870	5923
411	5626.326	158.3137	5200	6234	5309	5371	5424	5492	5542	5580	5613	5662	5701	5758	5840	5902	5928
412	5629.058	161.8976	5193	6339	5333	5380	5436	5490	5533	5576	5618	5661	5711	5756	5856	5918	5959
413	5666.403	159.2392	5249	6348	5373	5417	5465	5518	5573	5620	5665	5704	5743	5798	5871	5928	5972
414	5672.101	156.5598	5249	6620	5382	5441	5481	5542	5586	5625	5661	5705	5740	5790	5875	5941	5987
415	5694.237	156.7659	5193	6267	5403	5453	5505	5561	5601	5645	5685	5723	5772	5826	5904	5965	6009
416	5707.139	155.8736	5263	6247	5404	5468	5515	5572	5618	5661	5696	5734	5782	5838	5915	5987	6021
417	5726.187	160.2903	5274	6312	5443	5487	5528	5588	5637	5675	5718	5757	5797	5857	5946	6004	6042
418	5747.055	153.9715	5339	6335	5462	5509	5553	5614	5665	5706	5738	5773	5818	5869	5951	6025	6064
419	5756.711	162.8280	5277	6407	5452	5504	5551	5618	5669	5712	5756	5787	5829	5887	5959	6037	6077
420	5774.166	164.1231	5403	6347	5478	5525	5570	5629	5679	5720	5766	5807	5847	5902	5995	6071	6120
421	5800.574	164.1822	5341	6386	5492	5548	5602	5662	5704	5746	5791	5831	5882	5939	6015	6085	6134
422	5809.876	162.1576	5408	6394	5514	5553	5600	5669	5720	5764	5798	5848	5893	5946	6016	6093	6143
423	5825.654	160.4142	5322	6388	5519	5585	5632	5688	5732	5773	5811	5855	5907	5965	6030	6120	6157
424	5852.114	160.5170	5426	6431	5536	5597	5645	5722	5770	5807	5843	5886	5928	5986	6055	6125	6177
425	5863.754	158.4257	5452	6476	5572	5614	5669	5726	5774	5811	5859	5900	5939	5994	6068	6121	6168
426	5879.987	161.036	5369	6589	5597	5640	5679	5749	5788	5831	5869	5905	5945	6009	6098	6167	6209
427	5901.719	162.6939	5469	6405	5585	5648	5690	5757	5817	5857	5898	5940	5981	6037	6110	6186	6222
428	5911.108	162.2166	5469	6535	5589	5662	5714	5781	5821	5862	5897	5938	5988	6047	6122	6195	6246
429	5937.395	160.5547	5491	6479	5625	5673	5731	5795	5852	5895	5935	5973	6016	6073	6148	6202	6240
430	5962.541	163.9876	5509	6559	5638	5713	5758	5821	5874	5910	5954	5993	6046	6093	6179	6247	6299
431	5968.252	166.6259	5559	6658	5640	5715	5764	5830	5878	5919	5961	6001	6043	6093	6183	6258	6318
432	5988.5	167.0425	5544	6598	5687	5724	5782	5840	5895	5940	5982	6017	6066	6127	6212	6273	6323
433	6003.571	163.1975	5540	6622	5679	5732	5792	5868	5913	5961	6002	6043	6084	6136	6209	6270	6328
434	6021.34	160.8855	5498	6640	5714	5764	5826	5886	5930	5975	6011	6057	6098	6156	6226	6295	6332
435	6048.072	160.8783	5602	6584	5729	5797	5848	5915	5957	6000	6041	6077	6124	6184	6261	6321	6371
436	6059.534	166.4812	5610	6603	5747	5795	5848	5916	5966	6008	6055	6099	6140	6197	6278	6344	6396
437	6091.142	170.2327	5577	6760	5770	5828	5880	5947	5993	6043	6080	6128	6172	6222	6317	6393	6439
438	6093.099	168.0183	5672	6758	5778	5833	5875	5945	5998	6040	6086	6135	6180	6241	6319	6374	6418
439	6122.799	161.3661	5679	6805	5810	5872	5920	5987	6039	6073	6114	6155	6204	6250	6331	6408	6453
440	6134.35	181.1094	5658	6822	5789	5862	5917	5985	6028	6072	6120	6166	6225	6293	6371	6453	6489
441	6144.694	165.5564	5621	6791	5835	5878	5945	6010	6054	6092	6130	6181	6220	6283	6358	6424	6474
442	6167.327	169.3916	5715	6870	5848	5908	5960	6021	6071	6120	6163	6203	6248	6295	6385	6458	6512
443	6186.658	164.2664	5732	6766	5872	5933	5984	6047	6091	6137	6175	6226	6266	6318	6404	6467	6522
444	6211.102	158.3247	5671	6690	5907	5957	6012	6076	6123	6158	6203	6250	6300	6351	6421	6480	6501
445	6222.435	173.4474	5769	7119	5910	5958	6010	6078	6124	6169	6212	6257	6302	6357	6439	6525	6562
446	6254.017	170.4954	5745	6982	5941	5994	6048	6109	6154	6204	6245	6292	6339	6388	6476	6547	6599
447	6263.151	178.8889	5769	6868	5933	5983	6032	6105	6162	6213	6259	6301	6355	6411	6493	6559	6616
448	6267.167	174.0368	5792	6893	5930	5989	6050	6119	6175	6216	6260	6301	6347	6408	6492	6563	6611
449	6290.419	173.1921	5868	6942	5973	6031	6076	6145	6192	6230	6276	6321	6373	6432	6531	6583	6639
450	6318.378	178.4843	5735	6947	5993	6042	6090	6157	6214	6269	6313	6357	6406	6467	6560	6624	6668
451	6334.771	176.3726	5879	6980	6011	6074	6114	6180	6233	6276	6322	6374	6420	6483	6562	6642	6690
452	6350.373	179.4259	5892	6992	6002	6069	6121	6202	6252	6301	6344	6381	6440	6494	6587	6648	6698
453	6370.585	182.2148	5862	6990	6015	6082	6140	6213	6273	6321	6368	6414	6462	6518	6601	6674	6733
454	6388.034	176.5395	5927	7174	6057	6116	6168	6241	6294	6338	6380	6420	6464	6529	6620	6676	6737
455	6393.837	166.1370	5890	7001	6066	6143	6197	6259	6299	6340	6377	6426	6478	6533	6611	6684	6727
456	6430.491	171.5258	5991	7239	6100	6157	6219	6286	6334	6380	6422	6463	6519	6577	6656	6718	6751
457	6437.577	175.8842	5974	7086	6101	6175	6222	6284	6344	6390	6427	6476	6521	6578	6657	6749	6798
458	6463.601	175.9526	5988	7164	6133	6179	6248	6318	6366	6408	6457	6494	6545	6606	6693	6779	6820
459	6478.75	177.3833	5981	7194	6140	6209	6266	6328	6375	6426	6471	6513	6565	6619	6707	6801	6844
460	6500.133	185.3501	6004	7155	6160	6221	6270	6341	6395	6443	6486	6535	6592	6658	6732	6823	6880
461	6512.02	172.4566	6056	7310	6201	6251	6298	6358	6412	6454	6502	6549	6600	6653	6738	6807	6859
462	6529.459	175.3786	6094	7248	6191	6259	6312	6382	6436	6480	6519	6563	6607	6661	6761	6837	6880
463	6543.437	190.8757	6092	7332	6196	6263	6314	6384	6436	6478	6524	6570	6628	6701	6795	6893	6932
464	6571.703	175.4621	6102	7125	6228	6290	6358	6422	6477	6523	6562	6607	6659	6722	6807	6876	6924
465	6582.293	181.0287	6108	7226	6232	6300	6359	6419	6478	6529	6577	6621	6675	6735	6824	6896	6939
466	6603.499	180.1784	6173	7196	6261	6317	6378	6456	6505	6548	6592	6632	6682	6753	6837	6923	6963
467	6607.106	179.5722	6168	7408	6254	6325	6390	6465	6507	6549	6592	6636	6689	6753	6843	6917	6964
468	6638.235	181.1055	6135	7227	6301	6358	6413	6483	6531	6581	6626	6677	6730	6788	6885	6944	6988
469	6657.583	180.9378	6194	7244	6315	6370	6433	6501	6552	6599	6654	6697	6754	6815	6904	6958	6994
470	6675.287	177.6631	6226	7279	6358	6399	6459	6518	6574	6620	6662	6714	6764	6823	6909	6986	7037
471	6695.774	177.7576	6232	7298	6369	6408	6466	6547	6592	6638	6690	6736	6786	6852	6923	6995	7027
472	6710.143	174.1896	6185	7274	6371	6438	6498	6559	6610	6660	6706	6746	6795	6853	6938	7013	7053
473	6726.287	182.3812	6152	7471	6372	6441	6510	6575	6627	6670	6715	6758	6810	6864	6975	7050	7107
474	6744.905	170.1823	6276	7381	6436	6492	6529	6590	6645	6685	6734	6777	6833	6895	6975	7042	7073
475	6765.975	178.8137	6203	7578	6430	6484	6542	6617	6672	6713	6755	6801	6854	6921	6998	7072	7124
476	6778.986	172.9059	6252	7364	6444	6495	6556	6638	6686	6729	6769	6818	6861	6923	7011	7070	7106
477	6800.45	174.7721	6299	7495	6461	6531	6583	6650	6698	6748	6787	6834	6883	6948	7042	7096	7138
478	6818.553	179.2192	6331	7530	6494	6539	6597	6665	6717	6762	6808	6852	6906	6959	7054	7134	7181
479	6828.562	183.2829	6368	7691	6474	6542	6598	6673	6729	6775	6819	6868	6914	6976	7048	7141	7202
480	6859.592	175.6834	6322	7596	6537	6597	6641	6706	6761	6804	6844	6893	6948	7002	7093	7182	7217
481	6883.341	188.6067	6403	7590	6518	6592	6645	6724	6778	6830	6880	6923	6975	7041	7122	7215	7254
482	6897.999	190.4825	6418	7670	6551	6605	6661	6733	6790	6840	6892	6936	6989	7047	7143	7230	7264
483	6914.949	188.1690	6356	7658	6560	6626	6685	6754	6814	6859	6904	6948	7006	7076	7162	7224	7281
484	6925.744	186.0744	6418	7722	6578	6640	6692	6762	6822	6873	6923	6963	7008	7065	7177	7229	7293
485	6945.085	186.6144	6483	7528	6604	6664	6715	6791	6840	6884	6934	6975	7028	7098	7205	7286	7337
486	6959.899	180.2983	6446	7594	6629	6688	6732	6801	6853	6900	6948	7003	7054	7112	7191	7275	7318
487	6988.053	178.6240	6485	7591	6638	6710	6759	6831	6895	6938	6983	7029	7076	7137	7209	7288	7353
488	6994.806	179.2751	6549	7582	6660	6709	6763	6847	6893	6939	6990	7028	7085	7153	7236	7313	7339
489	7021.398	188.5068	6418	7950	6674	6728	6783	6869	6911	6958	7008	7068	7125	7182	7250	7328	7373
490	7030.993	180.7095	6455	7697	6674	6750	6805	6880	6935	6980	7024	7072	7123	7177	7252	7321	7396
491	7054.12	182.5079	6550	7733	6717	6771	6814	6894	6953	7009	7049	7092	7136	7205	7296	7355	7409
492	7075.635	184.423	6518	7818	6743	6797	6860	6921	6974	7019	7061	7101	7159	7221	7322	7405	7452
493	7081.187	188.2746	6542	7778	6705	6784	6849	6932	6978	7026	7070	7112	7165	7236	7317	7401	7453
494	7107.351	187.3723	6646	7869	6773	6825	6873	6944	7000	7042	7092	7139	7199	7258	7357	7459	7486
495	7127.081	192.4240	6577	7981	6748	6817	6889	6972	7029	7077	7114	7157	7213	7282	7382	7465	7519
496	7152.048	190.2182	6647	7893	6807	6869	6924	6981	7040	7089	7142	7188	7244	7308	7397	7489	7532
497	7170.122	183.3602	6701	7936	6838	6885	6939	7022	7068	7110	7151	7204	7253	7325	7409	7486	7534
498	7181.626	193.2483	6628	7800	6807	6888	6941	7026	7073	7122	7164	7213	7279	7344	7427	7514	7571
499	7189.958	188.619	6714	7962	6835	6889	6954	7025	7087	7137	7178	7227	7288	7352	7436	7506	7560
500	7215.35	189.9326	6627	7818	6852	6915	6975	7051	7112	7161	7210	7258	7308	7376	7458	7541	7589
501	7226.276	188.6720	6643	7913	6879	6940	6997	7066	7125	7168	7214	7262	7307	7370	7477	7566	7616
502	7250.169	197.5050	6663	7938	6873	6934	7000	7074	7137	7192	7248	7296	7355	7423	7503	7569	7642
503	7273.678	192.6742	6774	7971	6913	6979	7030	7113	7163	7212	7265	7314	7373	7429	7515	7599	7664
504	7294.008	190.9334	6720	8013	6945	7005	7061	7135	7189	7231	7277	7331	7384	7444	7545	7621	7685
505	7305.41	189.1817	6661	7861	6929	6992	7062	7144	7201	7252	7303	7351	7405	7460	7543	7628	7682
506	7329.366	201.4863	6841	8032	6971	7024	7082	7152	7208	7277	7329	7370	7421	7489	7577	7683	7729
507	7354.404	197.8945	6805	8105	6987	7059	7116	7197	7246	7298	7340	7377	7430	7506	7616	7721	7770
508	7358.401	192.1237	6774	8083	6997	7061	7122	7194	7253	7294	7348	7389	7449	7518	7621	7699	7739
509	7396.511	198.3216	6881	8177	7019	7082	7155	7229	7284	7335	7389	7439	7491	7552	7653	7738	7807
510	7408.778	201.8067	6831	8307	7018	7091	7157	7241	7302	7348	7395	7449	7499	7574	7670	7738	7799
511	7426.772	204.1930	6947	8419	7060	7115	7179	7254	7311	7360	7407	7460	7520	7592	7695	7788	7829
512	7444.122	197.3195	6904	8307	7093	7157	7205	7275	7331	7381	7428	7476	7530	7594	7702	7788	7856
513	7449.804	190.5956	6897	8181	7087	7152	7209	7284	7344	7397	7446	7487	7537	7610	7710	7776	7827
514	7470.711	194.3834	6886	8189	7106	7171	7238	7308	7354	7413	7462	7508	7561	7631	7716	7807	7851
515	7492.607	198.2690	6955	8328	7116	7166	7229	7328	7393	7442	7492	7539	7587	7645	7751	7821	7891
516	7515.012	193.9796	6945	8119	7139	7218	7267	7344	7405	7453	7506	7558	7616	7684	7773	7841	7892
517	7533.874	199.3247	6989	8171	7165	7228	7276	7361	7430	7475	7522	7572	7631	7702	7795	7872	7956
518	7542.813	205.4990	7003	8308	7137	7216	7288	7373	7437	7484	7528	7576	7636	7718	7808	7898	7964
519	7569.706	204.2196	7036	8419	7184	7251	7316	7398	7455	7504	7558	7616	7675	7735	7831	7925	7989
520	7595.281	201.5014	7016	8541	7228	7291	7349	7418	7475	7528	7585	7638	7704	7756	7867	7932	7978
521	7605.892	196.2	7106	8308	7250	7303	7358	7432	7497	7549	7600	7645	7695	7761	7866	7961	7999
522	7619.772	200.8999	7003	8420	7248	7305	7379	7447	7508	7557	7608	7659	7710	7782	7875	7973	8049
523	7641.197	198.8135	7133	8432	7270	7334	7393	7479	7533	7585	7628	7675	7731	7789	7901	7984	8057
524	7657.697	204.2817	7133	8516	7265	7346	7396	7477	7542	7594	7652	7701	7763	7832	7918	8001	8057
525	7685.894	199.5168	7065	8419	7323	7377	7427	7511	7582	7629	7679	7731	7785	7842	7944	8024	8093
526	7708.772	214.4999	7170	8543	7319	7385	7444	7529	7586	7640	7692	7745	7816	7887	7987	8084	8147
527	7718.268	204.3581	7243	8480	7324	7397	7472	7547	7605	7658	7705	7759	7815	7885	7979	8075	8126
528	7741.112	207.5045	7229	8654	7378	7423	7489	7565	7622	7677	7727	7784	7836	7902	7994	8114	8177
529	7761.567	198.3569	7257	8454	7388	7452	7515	7594	7647	7699	7751	7805	7864	7927	8027	8105	8153
530	7778.931	205.046	7278	8628	7396	7462	7531	7612	7666	7718	7757	7809	7874	7951	8051	8130	8192
531	7794.892	204.1830	7214	8639	7413	7471	7542	7626	7682	7732	7773	7836	7889	7963	8064	8150	8202
532	7811.613	208.1446	7263	8545	7415	7480	7556	7627	7687	7753	7807	7859	7917	7983	8090	8168	8213
533	7821.118	204.2510	7318	8631	7437	7500	7561	7648	7702	7766	7817	7866	7922	7990	8077	8175	8230
534	7845.953	206.041	7341	8714	7461	7513	7580	7665	7719	7784	7842	7905	7954	8014	8109	8182	8219
535	7857.185	201.4366	7283	8625	7477	7557	7615	7685	7739	7800	7843	7897	7950	8020	8123	8210	8265
536	7896.733	208.4776	7298	8865	7481	7564	7635	7728	7785	7834	7885	7946	8004	8065	8157	8249	8325
537	7897.611	204.7879	7339	8781	7523	7587	7647	7727	7788	7839	7887	7936	7988	8056	8158	8265	8315
538	7934.03	208.2778	7402	8832	7553	7621	7679	7759	7815	7867	7924	7971	8030	8097	8201	8295	8355
539	7939.203	213.0175	7358	8649	7537	7608	7673	7760	7823	7873	7926	7984	8043	8109	8213	8317	8375
540	7961.192	204.2239	7370	8689	7573	7643	7711	7793	7854	7905	7947	8000	8051	8118	8229	8318	8370
541	7967.39	206.7374	7427	8718	7568	7660	7720	7788	7850	7901	7953	8010	8069	8140	8231	8326	8387
542	8004.741	213.9692	7312	8869	7620	7689	7741	7813	7884	7941	7984	8045	8106	8183	8284	8378	8450
543	8016.688	206.9329	7412	8749	7603	7697	7751	7843	7913	7964	8009	8060	8116	8186	8284	8355	8439
544	8036.744	203.2646	7530	8800	7650	7715	7782	7859	7923	7984	8029	8079	8137	8204	8305	8376	8430
545	8045.634	208.3798	7576	9073	7657	7725	7793	7872	7930	7980	8026	8083	8143	8222	8306	8406	8454
546	8074.606	209.6433	7544	9062	7685	7754	7806	7902	7964	8008	8061	8106	8173	8251	8346	8439	8500
547	8085.208	212.963	7510	8959	7683	7778	7827	7908	7960	8016	8070	8133	8181	8257	8352	8449	8529
548	8108.801	205.9163	7602	8955	7724	7797	7861	7937	7995	8048	8094	8143	8204	8274	8375	8467	8538
549	8130.808	211.5133	7608	8972	7734	7801	7855	7950	8016	8071	8118	8176	8238	8304	8405	8493	8557
550	8157.787	213.6413	7561	8758	7742	7798	7883	7983	8045	8092	8147	8203	8269	8340	8442	8527	8568
551	8173.485	220.0624	7628	9056	7763	7829	7893	7978	8060	8109	8170	8218	8275	8344	8470	8568	8619
552	8186.689	209.5969	7514	8924	7783	7861	7925	8007	8067	8121	8174	8232	8297	8366	8463	8542	8605
553	8208.345	215.8933	7562	8991	7798	7875	7940	8022	8085	8143	8193	8257	8319	8388	8500	8582	8627
554	8236.482	215.8081	7599	8895	7815	7880	7965	8054	8120	8185	8238	8286	8343	8414	8506	8590	8655
555	8226.471	216.4982	7622	8952	7793	7882	7967	8043	8104	8159	8215	8270	8326	8413	8512	8602	8670
556	8266.291	217.7122	7664	9127	7859	7939	8001	8077	8139	8198	8254	8316	8377	8441	8537	8629	8701
557	8284.72	220.9025	7586	9161	7855	7945	8016	8104	8169	8215	8270	8318	8378	8467	8571	8665	8743
558	8308.545	222.4961	7736	9052	7895	7964	8032	8121	8188	8230	8293	8351	8405	8478	8626	8718	8767
559	8327.408	213.0851	7759	9103	7917	8013	8064	8145	8206	8262	8318	8373	8431	8501	8606	8705	8771
560	8331.018	214.9089	7782	9094	7927	8000	8063	8135	8205	8273	8324	8371	8432	8514	8610	8680	8769
561	8358.422	212.5902	7811	9183	7944	8016	8091	8182	8238	8299	8348	8399	8464	8524	8634	8728	8785
562	8367.083	212.2078	7820	9112	7979	8056	8108	8188	8245	8299	8354	8406	8463	8537	8649	8753	8799
563	8388.897	207.1237	7757	9232	7998	8067	8130	8216	8278	8332	8374	8423	8487	8556	8661	8740	8801
564	8405.617	218.0947	7756	9074	7989	8062	8130	8217	8282	8339	8396	8455	8516	8587	8695	8785	8841
565	8431.101	212.422	7858	9216	8027	8101	8163	8253	8313	8368	8421	8480	8532	8600	8706	8813	8863
566	8442.996	217.0564	7906	9683	8041	8124	8173	8256	8320	8376	8429	8486	8548	8621	8732	8809	8868
567	8467.629	215.4427	7892	9196	8060	8126	8213	8285	8346	8399	8458	8510	8571	8642	8751	8845	8902
568	8475.113	225.5486	7823	9311	8061	8138	8192	8289	8346	8396	8456	8519	8578	8652	8774	8878	8940
569	8503.489	220.3745	7873	9237	8097	8163	8233	8322	8380	8432	8482	8540	8605	8687	8806	8890	8951
570	8536.967	219.3678	7874	9255	8107	8181	8262	8349	8418	8474	8531	8580	8644	8722	8840	8909	8954
571	8532.275	219.5446	7940	9539	8128	8205	8269	8347	8404	8460	8524	8574	8634	8715	8822	8912	8966
572	8567.797	220.5715	7970	9379	8140	8230	8297	8388	8444	8499	8554	8608	8669	8743	8863	8964	9017
573	8574.84	217.5040	7939	9431	8160	8235	8305	8399	8459	8511	8556	8611	8664	8757	8868	8958	9013
574	8597.665	219.1931	8008	9440	8185	8251	8315	8412	8475	8540	8586	8642	8706	8779	8885	8972	9025
575	8623.648	229.0191	8057	9601	8194	8260	8344	8424	8503	8553	8606	8664	8731	8815	8912	9016	9089
576	8641.66	231.3276	8047	9366	8216	8274	8349	8440	8504	8569	8633	8694	8751	8835	8951	9045	9087
577	8661.858	230.2088	8053	9503	8232	8308	8373	8464	8530	8594	8647	8708	8784	8854	8958	9048	9107
578	8664.066	226.5502	8085	9537	8252	8309	8386	8468	8537	8589	8649	8705	8786	8866	8962	9056	9104
579	8708.819	224.5493	8119	9479	8307	8358	8423	8512	8585	8642	8695	8753	8823	8895	9005	9110	9166
580	8721.816	222.6485	8162	9561	8288	8373	8441	8531	8601	8664	8716	8771	8837	8891	9012	9099	9140
581	8732.725	222.9339	8148	9488	8295	8383	8450	8535	8612	8675	8726	8781	8838	8916	9011	9119	9180
582	8749.186	238.0669	8152	9845	8308	8376	8438	8547	8618	8678	8728	8795	8865	8947	9063	9164	9225
583	8770.419	221.257	8106	9563	8348	8430	8499	8580	8650	8696	8758	8822	8876	8952	9056	9159	9228
584	8785.086	213.8099	8201	9587	8347	8433	8520	8611	8671	8729	8778	8828	8886	8950	9059	9145	9219
585	8815.22	232.3134	8188	9987	8383	8470	8534	8614	8674	8742	8799	8856	8930	9001	9139	9215	9276
586	8831.909	227.6204	8067	9822	8385	8484	8550	8642	8710	8770	8825	8882	8934	9011	9127	9212	9287
587	8853.246	227.4510	8139	9665	8411	8511	8573	8657	8725	8792	8848	8902	8964	9045	9143	9231	9294
588	8860.515	219.5955	8270	9656	8438	8525	8593	8671	8735	8794	8846	8907	8966	9038	9142	9235	9306
589	8881.182	209.9463	8359	9662	8489	8542	8628	8709	8760	8816	8867	8914	8978	9051	9163	9235	9292
590	8899.028	226.4610	8211	9717	8465	8546	8619	8705	8769	8830	8879	8932	9014	9100	9197	9281	9367
591	8936.256	226.846	8314	10115	8520	8585	8653	8748	8806	8869	8923	8980	9043	9121	9223	9320	9374
592	8947.493	226.3842	8300	9776	8525	8594	8673	8758	8812	8872	8931	8987	9059	9131	9251	9340	9407
593	8972.144	226.5255	8309	9694	8549	8633	8695	8775	8841	8903	8962	9015	9088	9166	9265	9369	9438
594	8979.531	230.6738	8354	9836	8557	8627	8702	8786	8846	8907	8965	9024	9082	9160	9267	9395	9475
595	8990.084	233.2183	8365	9744	8544	8631	8697	8787	8865	8924	8981	9027	9094	9178	9303	9419	9464
596	9009.462	227.9132	8439	9823	8562	8644	8729	8823	8880	8938	8993	9047	9124	9203	9304	9404	9463
597	9043.913	229.3276	8395	9823	8592	8669	8744	8848	8922	8991	9041	9095	9158	9233	9331	9427	9479
598	9040.576	229.4044	8451	9953	8605	8682	8757	8842	8904	8964	9030	9087	9157	9229	9335	9450	9497
599	9072.887	237.4717	8407	9812	8625	8715	8788	8869	8941	8991	9054	9118	9180	9268	9385	9486	9571
600	9099.908	235.7247	8466	9956	8673	8753	8815	8897	8966	9018	9070	9142	9204	9302	9411	9515	9587
601	9110.791	237.0915	8405	10308	8682	8721	8810	8910	8976	9040	9111	9165	9225	9296	9409	9504	9562
602	9128.685	228.0522	8452	9984	8710	8771	8835	8937	9004	9062	9119	9175	9246	9311	9421	9500	9572
603	9159.08	232.0964	8573	10041	8713	8804	8878	8964	9032	9089	9144	9202	9267	9340	9463	9554	9620
604	9160.841	229.7335	8515	9978	8718	8801	8877	8961	9029	9093	9158	9212	9275	9344	9448	9558	9621
605	9185.629	233.9690	8658	10131	8749	8821	8894	8981	9052	9109	9170	9226	9297	9395	9505	9591	9644
606	9215.739	233.9714	8564	10087	8771	8855	8922	9006	9089	9138	9206	9271	9331	9416	9519	9606	9660
607	9237.895	241.6317	8619	10111	8788	8861	8943	9031	9098	9161	9222	9285	9354	9421	9558	9654	9752
608	9238.529	233.8155	8594	10261	8807	8889	8955	9036	9099	9162	9226	9283	9349	9428	9536	9647	9690
609	9263.018	250.8112	8595	10272	8813	8889	8954	9042	9127	9187	9250	9314	9375	9467	9600	9708	9781
610	9278.665	232.9760	8568	10061	8819	8895	8976	9082	9151	9221	9276	9338	9395	9473	9572	9663	9738
611	9316.612	247.9597	8746	10265	8860	8939	9002	9096	9186	9249	9304	9356	9418	9509	9652	9757	9828
612	9313.26	235.6073	8752	10220	8880	8955	9020	9112	9177	9241	9298	9354	9424	9502	9620	9728	9800
613	9336.364	242.7693	8632	10101	8871	8961	9042	9120	9196	9262	9327	9382	9457	9547	9667	9756	9806
614	9369.806	237.8917	8720	10364	8913	8997	9076	9165	9233	9301	9367	9421	9490	9566	9682	9769	9825
615	9388.752	242.2653	8801	10258	8930	8999	9089	9183	9246	9307	9382	9442	9519	9590	9685	9790	9857
616	9404.93	239.5836	8790	10407	8965	9036	9116	9204	9276	9341	9393	9445	9503	9588	9728	9835	9903
617	9427.798	236.5659	8802	10263	8993	9056	9126	9221	9297	9357	9419	9483	9541	9625	9735	9813	9885
618	9439.516	244.1363	8757	10498	8969	9062	9141	9238	9299	9365	9419	9485	9552	9633	9760	9865	9943
619	9458.279	238.4496	8766	10311	8983	9069	9172	9258	9318	9386	9448	9509	9579	9665	9770	9867	9905
620	9468.497	232.8298	8772	10330	9037	9103	9176	9278	9332	9395	9454	9512	9581	9650	9795	9882	9916
621	9502.935	242.5609	8927	10593	9057	9131	9187	9295	9367	9429	9484	9545	9625	9699	9809	9915	10001
622	9528.235	240.2449	8836	10441	9031	9130	9230	9332	9407	9462	9519	9577	9651	9725	9835	9925	10000
623	9524.695	242.5557	8832	10506	9082	9142	9235	9317	9384	9451	9508	9573	9647	9730	9842	9924	9999
624	9554.392	241.3892	8978	10438	9113	9187	9260	9353	9420	9481	9536	9597	9663	9746	9869	9981	10039
625	9573.054	238.8839	8909	10562	9116	9211	9278	9379	9440	9499	9549	9619	9691	9773	9868	9988	10077
626	9590.916	241.4771	8987	10451	9118	9209	9298	9383	9456	9518	9577	9640	9709	9788	9916	10006	10071
627	9611.252	237.5491	8965	10460	9187	9250	9321	9402	9475	9538	9594	9670	9736	9811	9913	10019	10086
628	9635.65	242.0977	8801	10447	9128	9252	9331	9427	9508	9575	9635	9692	9750	9830	9948	10047	10100
629	9652.128	236.3979	8989	10639	9200	9288	9361	9455	9519	9589	9647	9698	9759	9840	9952	10045	10126
630	9674.611	237.7612	9036	10765	9219	9307	9377	9472	9544	9610	9668	9729	9786	9862	9974	10080	10147
631	9679.076	246.6626	9070	10705	9215	9286	9376	9476	9544	9594	9666	9721	9785	9875	10011	10108	10211
632	9705.832	246.8758	9029	10822	9267	9335	9392	9493	9561	9625	9693	9760	9828	9908	10033	10125	10173
633	9728.532	241.0866	8984	10743	9270	9361	9428	9527	9590	9654	9716	9777	9839	9914	10041	10141	10207
634	9740.371	247.7463	9170	10853	9284	9354	9425	9532	9600	9668	9726	9789	9858	9937	10060	10168	10227
635	9768.836	240.6955	8995	10557	9353	9407	9482	9557	9628	9682	9740	9806	9882	9973	10101	10201	10246
636	9792.63	245.1368	9216	10609	9346	9417	9485	9569	9651	9719	9776	9844	9905	9991	10115	10242	10320
637	9805.118	252.6135	9003	10767	9339	9401	9494	9596	9666	9731	9783	9850	9924	10020	10136	10219	10313
638	9820.277	240.6488	9089	10755	9358	9435	9506	9610	9680	9752	9818	9876	9953	10030	10130	10216	10256
639	9858.198	256.2049	9169	10696	9403	9472	9541	9631	9708	9777	9847	9909	9982	10063	10197	10312	10394
640	9853.011	252.7897	9147	10759	9365	9455	9538	9641	9703	9772	9845	9911	9979	10069	10189	10291	10340
641	9872.049	253.9145	9160	10809	9421	9484	9562	9648	9722	9797	9862	9930	9992	10074	10198	10337	10397
642	9907.245	254.5761	9258	10916	9459	9529	9613	9693	9763	9822	9882	9945	10017	10117	10225	10367	10438
643	9923.342	253.4529	9199	10788	9450	9525	9616	9703	9776	9848	9915	9972	10045	10128	10233	10370	10453
644	9947.991	259.2703	9213	10810	9479	9543	9621	9717	9802	9871	9935	10013	10072	10151	10275	10397	10487
645	9966.951	259.381	9150	10893	9493	9554	9652	9749	9821	9885	9953	10015	10083	10181	10329	10417	10472
646	9975.236	256.6753	9288	11013	9503	9584	9662	9759	9835	9895	9957	10013	10095	10186	10306	10434	10509
647	9997.257	242.4941	9375	10844	9503	9598	9691	9791	9865	9927	9995	10058	10125	10193	10299	10402	10473
648	10025.26	245.995	9379	11245	9583	9655	9730	9820	9884	9937	10001	10069	10139	10229	10356	10449	10531
649	10040.19	250.0821	9406	10848	9598	9656	9719	9819	9900	9964	10027	10092	10171	10247	10368	10455	10552
650	10066.91	243.7622	9397	10813	9619	9688	9757	9858	9933	9997	10052	10113	10183	10264	10392	10496	10555
651	10067.6	256.5307	9407	11268	9610	9674	9741	9840	9923	9988	10053	10115	10192	10283	10407	10499	10569
652	10098.80	250.4833	9404	11221	9603	9706	9778	9891	9959	10022	10090	10155	10225	10303	10403	10520	10575
653	10122.91	248.7768	9470	10972	9655	9732	9807	9916	9987	10038	10110	10177	10236	10321	10458	10565	10647
654	10141.62	243.7226	9481	11191	9676	9752	9836	9932	10010	10073	10123	10198	10262	10345	10453	10546	10608
655	10161.12	252.8464	9481	10987	9686	9770	9843	9938	10016	10087	10151	10221	10285	10370	10498	10589	10655
656	10173.04	255.5517	9400	11316	9693	9777	9854	9959	10036	10098	10157	10207	10293	10393	10509	10606	10679
657	10186.66	248.5377	9512	11063	9734	9799	9877	9971	10050	10106	10176	10244	10311	10382	10500	10628	10708
658	10234.37	263.4921	9311	11428	9736	9843	9917	10021	10079	10152	10222	10273	10352	10436	10586	10714	10786
659	10228.8	244.8006	9618	10981	9750	9826	9912	10022	10094	10166	10223	10281	10342	10425	10542	10630	10716
660	10243.76	254.6887	9557	11044	9772	9842	9923	10028	10100	10162	10230	10293	10364	10456	10598	10686	10737
661	10273.89	263.4405	9582	11172	9773	9861	9949	10047	10124	10190	10255	10321	10409	10493	10613	10722	10825
662	10276.83	253.7846	9575	11497	9807	9913	9965	10054	10124	10199	10266	10327	10409	10495	10597	10684	10763
663	10317.31	249.5431	9636	11313	9847	9923	10005	10099	10177	10238	10299	10368	10440	10534	10635	10751	10813
664	10334.76	266.7656	9540	11249	9852	9925	10000	10106	10185	10251	10313	10383	10466	10575	10696	10780	10857
665	10359.86	250.3712	9681	11296	9912	9967	10053	10147	10219	10280	10343	10404	10482	10571	10700	10798	10855
666	10375.82	258.6974	9610	11325	9896	9971	10056	10155	10228	10295	10363	10429	10495	10587	10703	10825	10919
667	10385.01	257.5621	9731	11301	9883	9976	10058	10166	10235	10308	10373	10438	10508	10594	10720	10847	10905
668	10414.70	257.6158	9696	11261	9916	10010	10090	10194	10273	10347	10404	10470	10532	10622	10750	10860	10940
669	10425.07	259.5223	9669	11346	9935	10016	10100	10207	10293	10351	10404	10469	10544	10638	10772	10863	10960
670	10442.93	256.8035	9730	11331	9955	10055	10120	10225	10306	10360	10426	10491	10566	10645	10775	10891	10967
671	10481.48	262.0008	9714	11437	9987	10094	10163	10253	10342	10410	10466	10524	10592	10686	10834	10940	11025
672	10479.86	253.5341	9750	11286	10010	10079	10172	10267	10338	10393	10458	10525	10610	10693	10819	10928	11001
673	10498.23	267.3070	9826	11555	9988	10081	10162	10272	10353	10423	10483	10550	10623	10719	10839	10962	11058
674	10522.11	258.3634	9838	11502	10002	10124	10195	10305	10380	10438	10506	10567	10647	10738	10879	10965	11016
675	10533.56	269.5892	9733	11400	10031	10109	10190	10297	10382	10457	10527	10588	10665	10767	10880	10993	11054
676	10572.16	259.1119	9859	11527	10078	10159	10240	10354	10434	10495	10553	10623	10716	10794	10902	11009	11103
677	10584.37	258.1423	9880	11714	10115	10186	10264	10366	10439	10506	10570	10634	10699	10790	10917	11034	11112
678	10613.74	270.3351	9899	11782	10091	10206	10279	10383	10457	10527	10604	10669	10751	10837	10966	11066	11144
679	10627.61	264.5499	9841	11676	10113	10220	10299	10407	10482	10552	10613	10684	10751	10834	10965	11077	11150
680	10639.18	261.4187	9928	11676	10129	10223	10299	10417	10488	10564	10640	10702	10773	10853	10956	11077	11154
681	10650.51	261.7868	9937	11456	10155	10220	10315	10433	10502	10578	10644	10707	10778	10850	10998	11109	11160
682	10681.04	265.5473	9891	11595	10146	10253	10357	10461	10539	10608	10670	10729	10803	10886	11010	11132	11241
683	10698.25	264.1955	10033	11819	10196	10286	10366	10474	10556	10624	10680	10746	10815	10924	11041	11150	11237
684	10717.66	261.0124	9934	11664	10207	10294	10399	10494	10574	10644	10700	10775	10849	10932	11057	11160	11233
685	10746.66	272.1813	9927	11800	10245	10339	10409	10514	10599	10663	10731	10791	10868	10973	11104	11203	11274
686	10767.05	268.0608	9995	11750	10246	10349	10434	10538	10616	10690	10758	10831	10894	10981	11105	11228	11305
687	10792.78	266.5209	9929	11903	10290	10362	10451	10560	10653	10718	10786	10853	10914	11008	11138	11246	11330
688	10814.84	256.2397	10165	11654	10335	10409	10505	10591	10672	10724	10797	10860	10941	11028	11160	11279	11335
689	10830.25	268.2374	10141	11719	10336	10403	10499	10597	10671	10751	10821	10894	10962	11048	11184	11289	11382
690	10842.91	260.3836	10175	11769	10325	10421	10527	10627	10700	10762	10821	10891	10976	11058	11186	11279	11344
691	10849.93	273.3799	10154	11939	10338	10418	10495	10608	10693	10764	10849	10913	10984	11083	11209	11320	11371
692	10874.48	264.4381	10190	11706	10348	10461	10545	10654	10730	10800	10861	10925	10998	11096	11210	11330	11439
693	10897.07	276.7293	10108	11824	10378	10470	10552	10653	10740	10812	10881	10953	11042	11121	11262	11394	11453
694	10915.66	268.1038	10130	11746	10400	10505	10575	10687	10767	10837	10905	10964	11045	11143	11260	11381	11449
695	10942.35	276.7046	10224	11772	10434	10526	10607	10694	10780	10855	10928	11003	11076	11162	11313	11440	11511
696	10962.20	278.4925	10160	11993	10443	10519	10625	10723	10811	10880	10944	11012	11092	11190	11342	11460	11514
697	10985.77	281.2972	10290	11911	10461	10550	10636	10740	10819	10897	10967	11050	11129	11218	11357	11497	11557
698	11000.97	282.4468	10115	12085	10488	10578	10655	10757	10831	10910	10984	11055	11134	11236	11379	11490	11568
699	11025.15	272.4969	10242	12073	10517	10610	10692	10791	10870	10939	11007	11081	11161	11251	11367	11484	11547
700	11048.80	266.7258	10356	12210	10518	10624	10717	10818	10904	10977	11038	11114	11188	11268	11381	11494	11559
701	11061.79	268.7847	10339	11997	10555	10653	10725	10820	10905	10987	11056	11116	11182	11287	11421	11523	11582
702	11075.27	282.2792	10301	12595	10541	10648	10729	10840	10926	10994	11066	11129	11198	11296	11429	11549	11651
703	11099.67	269.446	10410	12086	10566	10673	10758	10868	10939	11021	11090	11170	11238	11328	11454	11563	11618
704	11122.46	278.3864	10381	12348	10602	10685	10778	10889	10966	11039	11106	11172	11246	11353	11475	11609	11670
705	11115.44	268.8765	10343	11970	10622	10706	10781	10872	10962	11038	11105	11173	11251	11346	11464	11564	11655
706	11159.49	273.8003	10429	11987	10646	10728	10812	10914	11003	11079	11147	11231	11302	11389	11512	11629	11701
707	11179.32	271.2175	10383	12137	10697	10755	10829	10944	11023	11092	11169	11250	11320	11396	11549	11654	11708
708	11194.36	267.9449	10501	12112	10687	10784	10854	10963	11046	11115	11176	11245	11322	11416	11553	11653	11719
709	11225.52	266.8708	10557	12145	10719	10810	10902	11004	11078	11142	11206	11271	11358	11442	11574	11690	11749
710	11248.65	276.2123	10427	12248	10774	10842	10905	11001	11090	11169	11238	11301	11373	11458	11598	11755	11855
711	11244.63	279.2403	10386	12460	10709	10817	10907	11008	11083	11161	11225	11293	11379	11476	11610	11748	11820
712	11272.06	283.1505	10350	12179	10756	10845	10925	11035	11106	11173	11250	11319	11406	11509	11657	11782	11850
713	11295.92	278.1041	10472	12491	10777	10863	10954	11069	11156	11209	11273	11340	11411	11508	11650	11770	11871
714	11303.83	275.2194	10561	12280	10800	10879	10963	11077	11145	11216	11285	11358	11438	11523	11663	11781	11850
715	11327.48	281.6380	10524	12607	10823	10906	10980	11081	11151	11228	11316	11389	11466	11566	11701	11814	11874
716	11355.36	287.8605	10607	12579	10823	10917	10995	11103	11191	11258	11335	11421	11507	11593	11728	11852	11913
717	11375.72	276.2793	10605	12324	10856	10932	11029	11133	11221	11295	11364	11445	11530	11609	11727	11823	11928
718	11368.73	277.063	10644	12252	10837	10944	11014	11136	11214	11290	11360	11424	11505	11590	11726	11831	11950
719	11408.16	280.9932	10701	12526	10881	10973	11058	11176	11248	11323	11385	11468	11539	11628	11782	11860	11982
720	11428.41	284.9777	10694	12598	10911	11006	11096	11187	11256	11337	11396	11477	11554	11671	11807	11944	12018
721	11445.23	278.5807	10667	12479	10897	11001	11101	11207	11281	11360	11445	11524	11599	11679	11795	11920	11984
722	11461.82	283.8214	10744	12360	10924	11023	11103	11210	11304	11376	11448	11523	11604	11696	11844	11945	11997
723	11496.10	280.8492	10766	12514	10998	11068	11149	11250	11331	11409	11482	11556	11625	11722	11862	12024	12077
724	11505.54	279.1034	10755	12637	10958	11062	11153	11262	11353	11425	11500	11569	11644	11722	11871	11985	12075
725	11527.95	283.7663	10744	12809	11010	11095	11181	11278	11366	11457	11527	11584	11659	11741	11884	12010	12123
726	11545.86	277.8296	10746	12624	11043	11131	11199	11302	11387	11459	11522	11592	11683	11782	11903	12032	12096
727	11579.84	298.4404	10775	12811	11010	11140	11211	11323	11404	11488	11573	11644	11721	11822	11965	12096	12179
728	11591.29	289.9857	10726	12665	11034	11137	11229	11344	11427	11509	11573	11656	11734	11834	11977	12087	12141
729	11608.32	279.8301	10848	12785	11075	11205	11271	11368	11451	11517	11587	11665	11734	11837	11978	12099	12169
730	11628.12	284.2155	10936	12657	11121	11206	11274	11383	11467	11534	11608	11680	11762	11856	12001	12133	12212
731	11637.57	282.7437	10889	12953	11119	11208	11293	11397	11489	11552	11618	11677	11753	11849	12011	12137	12228
732	11667.35	287.3764	10804	12817	11136	11207	11312	11420	11507	11581	11651	11729	11808	11898	12048	12153	12206
733	11695.70	275.7532	10924	12788	11175	11266	11351	11456	11545	11609	11672	11757	11825	11931	12050	12165	12245
734	11717.34	289.5917	11027	12789	11155	11263	11359	11475	11556	11629	11700	11779	11858	11948	12085	12225	12322
735	11722.98	282.8891	10952	12807	11182	11281	11382	11479	11563	11637	11711	11772	11858	11952	12094	12190	12309
736	11752.34	286.4664	10735	12748	11202	11298	11402	11508	11597	11671	11746	11815	11889	11973	12126	12244	12303
737	11785.98	283.517	11055	12815	11273	11349	11426	11537	11619	11696	11779	11843	11923	12026	12155	12269	12354
738	11789.44	274.3633	11085	12811	11272	11370	11453	11558	11633	11700	11775	11842	11930	12015	12151	12273	12335
739	11807.44	295.3654	11056	12887	11294	11352	11436	11553	11641	11713	11778	11854	11946	12049	12209	12325	12410
740	11832.09	293.2475	11038	12997	11278	11378	11475	11580	11667	11743	11806	11884	11982	12066	12216	12353	12434
741	11844.16	278.3704	11167	12810	11306	11413	11514	11606	11687	11747	11827	11899	11990	12077	12215	12332	12415
742	11873.24	291.5952	10947	13044	11344	11429	11521	11633	11708	11791	11864	11933	12008	12096	12227	12350	12448
743	11886.15	280.5951	11111	12727	11342	11449	11535	11643	11724	11809	11874	11947	12028	12118	12262	12386	12444
744	11903.38	279.8343	10970	13148	11345	11451	11579	11677	11749	11818	11885	11958	12029	12139	12269	12394	12461
745	11923.76	293.5941	11193	13173	11373	11472	11563	11675	11751	11834	11906	11978	12062	12176	12337	12448	12500
746	11945.60	282.1846	11144	12907	11436	11519	11601	11701	11793	11869	11935	11994	12062	12176	12313	12456	12531
747	11985.59	290.6708	11066	13073	11450	11526	11609	11728	11819	11902	11970	12047	12127	12242	12375	12486	12529
748	12004.56	300.9763	11120	13153	11451	11547	11628	11752	11840	11918	11988	12075	12158	12241	12375	12504	12578
749	11995.13	287.8417	11210	13126	11454	11531	11629	11748	11844	11913	11989	12054	12133	12236	12371	12474	12550
750	12032.71	290.2911	11196	13593	11496	11589	11677	11775	11876	11947	12012	12097	12168	12267	12411	12520	12620
751	12046.96	301.5214	11237	13298	11490	11593	11677	11801	11876	11944	12019	12101	12187	12286	12445	12561	12665
752	12062.94	286.683	11258	13044	11496	11608	11696	11818	11903	11976	12059	12132	12208	12304	12429	12537	12605
753	12091.76	288.1365	11191	13288	11536	11641	11729	11843	11928	12009	12091	12169	12236	12324	12453	12580	12647
754	12114.24	289.9945	11371	13206	11564	11671	11753	11869	11957	12024	12100	12172	12255	12357	12484	12619	12715
755	12139.53	292.4476	11357	13329	11626	11708	11769	11893	11967	12048	12120	12189	12294	12388	12502	12634	12696
756	12166.2	300.1814	11303	13240	11605	11696	11790	11906	11995	12081	12157	12236	12316	12416	12554	12673	12760
757	12158.00	297.6605	11383	13302	11586	11699	11798	11908	11983	12064	12138	12222	12296	12401	12554	12698	12763
758	12181.94	281.8832	11466	13317	11652	11753	11824	11943	12024	12096	12163	12235	12310	12413	12544	12666	12740
759	12213.50	290.4762	11481	13390	11667	11751	11839	11956	12057	12135	12201	12285	12356	12442	12583	12729	12802
760	12233.79	299.4298	11483	13194	11642	11748	11843	11979	12065	12153	12232	12303	12379	12476	12632	12767	12817
761	12255.42	291.5206	11443	13302	11725	11809	11891	12021	12081	12150	12221	12306	12414	12499	12646	12776	12831
762	12261.70	280.0249	11555	13271	11754	11824	11914	12036	12107	12169	12240	12313	12395	12493	12625	12756	12847
763	12284.64	298.991	11455	13566	11706	11815	11915	12029	12112	12190	12263	12354	12426	12528	12678	12799	12897
764	12317.03	288.676	11487	13392	11776	11873	11960	12066	12163	12229	12303	12373	12446	12552	12690	12825	12917
765	12312.42	299.5343	11403	13291	11725	11840	11931	12048	12152	12226	12311	12388	12467	12557	12686	12831	12891
766	12351.02	311.5505	11525	13632	11763	11893	11977	12094	12172	12231	12322	12411	12507	12602	12773	12914	12997
767	12370.6	302.3063	11497	13604	11793	11905	12013	12112	12199	12272	12341	12433	12521	12619	12776	12874	12982
768	12400.05	300.2712	11632	13408	11835	11949	12018	12136	12222	12306	12385	12463	12556	12654	12789	12943	13010
769	12410.26	306.5669	11672	13320	11852	11937	12033	12151	12233	12306	12384	12459	12552	12671	12827	12984	13045
770	12435.08	301.948	11606	13882	11872	11978	12043	12176	12266	12357	12431	12497	12579	12683	12822	12946	13028
771	12446.36	300.2654	11596	13526	11868	11999	12074	12184	12272	12346	12425	12513	12600	12702	12849	12951	13042
772	12477.10	306.5088	11727	13686	11932	11993	12097	12225	12306	12375	12459	12532	12617	12714	12873	13044	13123
773	12512.59	308.3976	11731	13616	11931	12038	12132	12257	12334	12413	12492	12564	12660	12769	12927	13035	13102
774	12489.72	302.2813	11614	13492	11878	12008	12105	12233	12325	12406	12483	12560	12654	12738	12902	13014	13056
775	12539.9	313.8184	11615	13589	11954	12050	12142	12262	12360	12448	12523	12603	12692	12820	12935	13067	13177
776	12544.89	305.828	11707	13854	11962	12069	12161	12268	12380	12456	12531	12607	12702	12801	12930	13058	13148
777	12562.02	300.4558	11694	13622	11975	12088	12189	12310	12394	12474	12552	12622	12709	12809	12950	13063	13124
778	12581.99	303.6776	11651	13626	12007	12117	12228	12324	12399	12494	12563	12638	12717	12819	12987	13114	13215
779	12620.70	301.3666	11742	13782	12054	12164	12264	12369	12450	12528	12603	12679	12758	12850	13001	13154	13251
780	12616.63	298.0604	11750	13925	12054	12147	12248	12366	12447	12533	12601	12666	12749	12857	13000	13140	13208
781	12645.48	310.5793	11843	13712	12032	12165	12269	12390	12470	12548	12629	12709	12798	12894	13052	13179	13256
782	12667.79	303.9902	11676	13858	12123	12222	12288	12401	12497	12579	12655	12725	12807	12909	13067	13199	13293
783	12687.50	302.1415	11723	13906	12123	12228	12317	12438	12528	12593	12665	12742	12829	12942	13083	13198	13277
784	12715.87	309.2442	11792	13641	12121	12239	12323	12445	12543	12620	12707	12780	12874	12979	13112	13246	13336
785	12726.84	295.9182	11926	13690	12161	12259	12349	12462	12564	12651	12715	12792	12873	12978	13112	13226	13308
786	12760.64	310.5146	11819	13832	12176	12284	12377	12498	12593	12657	12742	12829	12910	13011	13175	13295	13382
787	12777.42	315.7137	11936	13848	12201	12273	12399	12512	12604	12679	12752	12842	12931	13024	13181	13355	13407
788	12774.99	317.4961	11980	13894	12206	12285	12363	12502	12584	12678	12764	12841	12945	13052	13198	13329	13415
789	12815.09	313.9616	12032	14258	12262	12342	12431	12541	12639	12727	12811	12882	12954	13055	13217	13338	13509
790	12845.11	309.155	11960	13839	12243	12350	12449	12578	12677	12752	12833	12915	12997	13120	13252	13349	13432
791	12856.77	307.1701	12013	13881	12263	12377	12480	12592	12680	12766	12844	12919	13011	13116	13250	13365	13464
792	12879.42	310.9416	12065	14058	12315	12394	12507	12616	12706	12774	12858	12947	13022	13120	13282	13421	13535
793	12896.61	298.7741	12128	13996	12332	12428	12513	12640	12738	12812	12878	12959	13039	13146	13294	13394	13461
794	12914.84	301.41	12083	14018	12337	12432	12532	12661	12754	12830	12899	12968	13055	13167	13318	13450	13506
795	12934.46	314.2644	12019	14312	12330	12456	12535	12665	12767	12846	12919	12988	13083	13184	13338	13484	13556
796	12955.87	312.6769	12060	14352	12379	12451	12574	12702	12788	12867	12944	13016	13091	13197	13349	13489	13608
797	12972.34	301.2437	12195	14039	12394	12474	12591	12718	12805	12884	12961	13034	13125	13216	13373	13471	13559
798	12978.71	299.8881	12175	13891	12401	12523	12607	12713	12811	12896	12973	13040	13130	13230	13363	13492	13595
799	13027.53	331.0211	12098	14284	12433	12499	12630	12747	12836	12927	13008	13090	13176	13293	13460	13574	13696
800	13038.18	311.9768	12194	14301	12470	12579	12637	12770	12863	12947	13018	13089	13180	13292	13460	13591	13659
801	13084.04	326.9728	12221	14345	12458	12591	12693	12813	12902	12976	13065	13145	13237	13333	13527	13673	13735
802	13071.54	324.4611	12233	14634	12463	12555	12658	12797	12915	12985	13055	13125	13222	13320	13486	13618	13709
803	13064.75	301.1587	12238	14071	12488	12585	12704	12820	12897	12974	13047	13121	13210	13307	13471	13588	13672
804	13104.17	320.9146	12289	14366	12535	12637	12722	12828	12914	13004	13073	13157	13250	13372	13519	13683	13764
805	13135.25	315.1346	12211	14184	12556	12654	12738	12857	12962	13037	13117	13202	13283	13406	13565	13667	13757
806	13163.79	307.5232	12300	14400	12603	12699	12783	12897	12989	13063	13147	13229	13306	13408	13572	13705	13777
807	13181.21	331.5161	12327	14520	12559	12674	12761	12896	12990	13081	13165	13251	13352	13457	13606	13756	13814
808	13181.76	305.9316	12402	14286	12562	12688	12813	12930	13016	13092	13174	13244	13321	13427	13559	13724	13810
809	13220.67	320.3286	12350	14140	12621	12726	12832	12935	13022	13118	13199	13302	13388	13494	13621	13780	13885
810	13211.14	304.8364	12381	14337	12593	12733	12844	12952	13051	13119	13184	13268	13359	13468	13609	13740	13828
811	13262.23	311.8348	12161	14422	12721	12787	12874	12988	13083	13171	13239	13338	13419	13502	13660	13811	13906
812	13288.53	320.1813	12366	14454	12641	12793	12908	13013	13107	13190	13277	13346	13438	13545	13726	13833	13898
813	13267.50	305.3968	12470	14300	12676	12768	12895	13013	13102	13186	13246	13324	13405	13514	13658	13798	13889
814	13322.20	325.488	12496	14591	12687	12809	12931	13046	13139	13226	13298	13388	13470	13582	13742	13877	13987
815	13343.81	325.0207	12506	14792	12752	12857	12939	13067	13158	13241	13314	13410	13499	13599	13781	13918	13964
816	13355.71	320.3903	12465	14613	12769	12878	12966	13078	13160	13254	13335	13420	13513	13621	13777	13904	14007
817	13393.08	312.273	12564	14518	12817	12923	13007	13126	13222	13299	13375	13453	13531	13633	13806	13926	14032
818	13397.74	311.7581	12603	14549	12821	12914	13023	13128	13219	13299	13373	13455	13543	13656	13798	13946	14044
819	13425.92	333.2549	12549	14774	12785	12894	13026	13145	13247	13324	13399	13494	13575	13691	13851	14029	14103
820	13449.61	321.8447	12670	14609	12846	12942	13057	13175	13271	13355	13417	13517	13609	13720	13864	13984	14107
821	13446.77	307.6756	12567	14604	12874	12975	13073	13177	13281	13351	13429	13504	13596	13687	13853	13966	14055
822	13477.18	322.7275	12523	14538	12873	12948	13076	13199	13309	13384	13458	13549	13632	13726	13902	14032	14127
823	13501.40	324.4426	12619	14687	12932	13017	13106	13230	13311	13391	13457	13563	13663	13763	13924	14087	14146
824	13526.78	324.5733	12538	14637	12897	13016	13117	13252	13344	13427	13517	13593	13694	13794	13975	14074	14159
825	13532.64	315.4288	12689	14554	12969	13062	13133	13250	13352	13434	13509	13603	13698	13802	13939	14056	14145
826	13562.06	319.9436	12689	15036	12972	13080	13157	13288	13385	13470	13543	13626	13708	13810	13980	14117	14231
827	13592.92	325.6962	12718	14914	13019	13112	13204	13307	13400	13487	13584	13662	13747	13834	14005	14146	14254
828	13601.25	334.3724	12797	15074	12969	13087	13194	13324	13406	13500	13566	13668	13759	13875	14027	14165	14256
829	13634.54	319.0447	12764	14838	13047	13153	13223	13355	13457	13532	13610	13705	13792	13893	14051	14197	14299
830	13647.63	326.5964	12729	14664	13031	13148	13232	13358	13474	13555	13634	13715	13802	13927	14065	14221	14293
831	13670.17	321.6864	12843	14840	13059	13186	13268	13397	13482	13563	13639	13729	13831	13937	14101	14232	14339
832	13690.74	336.3062	12721	15138	13068	13179	13272	13418	13517	13586	13664	13747	13845	13939	14122	14290	14395
833	13684.56	319.6441	12824	14822	13061	13167	13283	13417	13509	13592	13674	13761	13855	13946	14103	14226	14313
834	13752.88	331.8416	12909	15023	13158	13250	13352	13482	13569	13646	13729	13811	13904	14012	14207	14344	14436
835	13763.81	330.6071	12953	15176	13161	13274	13366	13484	13571	13646	13733	13820	13921	14033	14207	14359	14441
836	13765.23	316.2471	13013	14920	13174	13277	13368	13492	13588	13671	13742	13822	13924	14012	14187	14314	14357
837	13788.91	329.729	12798	15323	13168	13281	13379	13516	13608	13686	13779	13856	13937	14055	14220	14363	14453
838	13816.94	336.2881	12869	14935	13179	13300	13398	13517	13626	13724	13806	13898	13986	14085	14235	14396	14505
839	13845.52	334.1679	13037	15331	13215	13332	13455	13562	13660	13729	13811	13909	13998	14119	14293	14411	14536
840	13856.28	330.7682	12861	15301	13250	13342	13446	13576	13662	13743	13840	13923	14013	14138	14300	14451	14522
841	13876.67	324.5688	13058	14952	13244	13376	13461	13588	13691	13785	13863	13942	14055	14156	14303	14434	14503
842	13909.83	330.019	13016	15249	13291	13403	13499	13631	13733	13810	13891	13968	14056	14179	14332	14485	14573
843	13912.49	319.2144	13089	15050	13291	13424	13524	13639	13729	13804	13893	13969	14067	14185	14347	14468	14546
844	13933.83	322.4977	12946	15011	13345	13448	13554	13653	13745	13828	13908	13996	14093	14211	14348	14491	14594
845	13937.46	331.4926	13101	15002	13323	13429	13526	13662	13744	13831	13907	13998	14104	14212	14382	14529	14607
846	13980.20	337.5687	13045	15502	13355	13461	13561	13695	13799	13878	13962	14042	14136	14256	14438	14574	14637
847	13988.88	322.9057	12989	15627	13364	13468	13590	13720	13818	13902	13980	14050	14138	14242	14400	14517	14614
848	14034.50	338.6790	13136	15201	13371	13530	13627	13750	13844	13929	14012	14103	14194	14291	14479	14620	14757
849	14048.07	330.6336	13187	15419	13430	13545	13649	13774	13860	13954	14026	14122	14205	14295	14458	14633	14703
850	14073.36	331.5104	13193	15223	13447	13565	13664	13792	13872	13967	14050	14140	14229	14347	14513	14665	14759
851	14068.23	332.1903	13040	15256	13463	13554	13664	13778	13878	13976	14054	14128	14227	14336	14499	14609	14750
852	14098.38	342.6503	13207	15363	13413	13533	13665	13826	13913	14004	14083	14172	14259	14371	14570	14704	14780
853	14105.32	330.7021	13283	15417	13472	13585	13699	13839	13911	13995	14067	14173	14278	14369	14515	14674	14790
854	14138.73	329.452	13199	15277	13503	13613	13738	13857	13951	14040	14129	14202	14290	14435	14566	14674	14796
855	14149.82	342.6618	13245	15410	13499	13613	13726	13856	13961	14043	14134	14212	14302	14424	14603	14743	14836
856	14168.45	328.0214	13189	15569	13501	13636	13744	13890	13997	14084	14160	14246	14329	14441	14592	14692	14757
857	14209.91	340.4144	13331	15230	13535	13676	13777	13924	14018	14110	14193	14278	14382	14485	14665	14785	14902
858	14221.15	328.5773	13454	15344	13580	13701	13805	13942	14025	14118	14204	14295	14385	14497	14661	14775	14889
859	14240.66	334.3926	13415	15746	13650	13732	13818	13952	14039	14129	14221	14308	14412	14531	14679	14797	14899
860	14269.42	329.1229	13464	15770	13662	13756	13866	13984	14075	14165	14238	14339	14442	14562	14707	14819	14921
861	14283.53	341.0393	13389	15860	13651	13770	13853	13990	14096	14176	14262	14348	14444	14568	14733	14862	14958
862	14317.78	328.6487	13521	15580	13727	13810	13887	14032	14130	14222	14304	14379	14466	14591	14767	14885	14985
863	14320.4	342.2265	13392	15510	13641	13783	13884	14028	14138	14225	14303	14391	14489	14607	14770	14912	14984
864	14350.25	345.6258	13395	15578	13717	13809	13914	14043	14148	14257	14337	14419	14523	14618	14814	14959	15047
865	14362.36	347.5779	13524	15624	13750	13856	13931	14068	14170	14250	14323	14420	14531	14657	14818	14941	15066
866	14366.32	340.1965	13481	15581	13756	13854	13945	14065	14169	14264	14341	14430	14530	14664	14809	14955	15014
867	14432.67	340.224	13386	15525	13816	13909	13985	14144	14237	14326	14417	14497	14596	14702	14896	15024	15117
868	14416.16	337.8650	13534	15678	13790	13887	14005	14126	14221	14305	14387	14475	14590	14720	14861	15006	15119
869	14429.11	345.5186	13620	15975	13751	13898	14005	14142	14227	14319	14412	14498	14598	14697	14861	15015	15123
870	14468.91	331.161	13616	15452	13883	13964	14052	14191	14278	14362	14442	14529	14622	14745	14921	15049	15151
871	14495.38	344.8031	13425	15618	13843	13952	14055	14200	14299	14401	14488	14567	14666	14788	14949	15075	15179
872	14526.6	346.4199	13478	16093	13858	14006	14104	14236	14325	14419	14508	14601	14708	14815	14973	15089	15217
873	14531.01	321.3978	13527	15925	13901	14022	14138	14250	14355	14445	14522	14603	14683	14802	14942	15061	15158
874	14553.15	335.9981	13719	15740	13938	14026	14132	14257	14363	14453	14535	14626	14717	14838	14987	15132	15218
875	14555.24	327.3053	13766	15735	13909	14029	14151	14269	14372	14456	14541	14627	14719	14832	14957	15112	15210
876	14593.41	357.2407	13709	16149	13931	14038	14125	14288	14400	14492	14576	14662	14773	14891	15058	15191	15291
877	14606.18	335.9778	13502	16052	13976	14091	14189	14318	14424	14511	14587	14674	14777	14876	15033	15154	15286
878	14637.75	356.7863	13585	15814	13980	14079	14185	14321	14437	14538	14627	14709	14800	14928	15118	15258	15347
879	14656.67	358.8161	13752	15830	14010	14112	14204	14354	14456	14542	14632	14729	14827	14950	15125	15317	15422
880	14676.00	348.7273	13706	15790	14014	14116	14239	14377	14479	14570	14662	14746	14836	14961	15129	15310	15384
881	14694.27	336.369	13757	16079	14052	14191	14279	14399	14501	14587	14684	14763	14855	14978	15148	15289	15362
882	14717.50	333.1373	13821	15816	14041	14162	14306	14445	14553	14627	14696	14780	14870	14993	15136	15260	15405
883	14722.68	337.5394	13695	16109	14080	14186	14289	14440	14544	14621	14701	14788	14893	15008	15164	15304	15390
884	14741.77	359.6057	13817	16223	14069	14193	14295	14437	14530	14631	14714	14801	14918	15056	15199	15350	15457
885	14776.19	348.1509	13812	16235	14107	14232	14340	14467	14570	14682	14766	14843	14931	15063	15234	15366	15481
886	14795.03	357.4358	13863	15999	14119	14239	14354	14483	14598	14706	14785	14857	14952	15075	15250	15450	15538
887	14807.69	352.4999	13751	15782	14139	14268	14366	14512	14593	14689	14795	14902	15000	15106	15277	15401	15491
888	14839.66	338.8442	13920	16088	14217	14297	14416	14554	14647	14730	14828	14914	15007	15118	15266	15410	15536
889	14848.61	342.9675	13905	16212	14207	14314	14420	14570	14658	14744	14821	14914	15015	15133	15285	15415	15516
890	14879.39	339.0407	13963	16114	14215	14350	14479	14591	14700	14783	14856	14936	15021	15149	15328	15460	15577
891	14898.96	349.8167	14031	16240	14247	14339	14459	14595	14702	14811	14884	14978	15069	15172	15344	15514	15603
892	14926.88	342.4094	14032	16001	14292	14407	14506	14632	14731	14822	14903	15003	15084	15199	15374	15534	15633
893	14954.77	362.1394	14006	16463	14306	14406	14507	14640	14749	14838	14928	15024	15138	15257	15432	15575	15688
894	14971.00	350.4381	14076	16197	14302	14435	14535	14667	14773	14860	14945	15048	15146	15268	15428	15587	15671
895	14974.35	338.6894	14127	16198	14306	14426	14538	14693	14781	14884	14965	15046	15145	15256	15417	15543	15652
896	14997.22	351.2727	14003	16473	14361	14468	14564	14694	14792	14893	14983	15065	15161	15294	15468	15603	15676
897	15038.89	367.4908	14165	16378	14359	14478	14583	14717	14831	14918	15024	15105	15210	15338	15520	15678	15793
898	15057.67	354.2843	14054	16271	14403	14500	14618	14740	14856	14951	15062	15141	15237	15348	15512	15650	15724
899	15049.64	347.1305	14101	16223	14415	14526	14615	14741	14832	14937	15028	15130	15231	15355	15519	15648	15731
900	15091.79	359.1356	14128	16357	14412	14547	14659	14793	14892	14987	15062	15155	15246	15370	15580	15745	15817
901	15124.95	369.1221	14070	16489	14458	14560	14677	14816	14906	14998	15086	15193	15311	15420	15623	15790	15884
902	15120.43	354.6589	14236	16373	14463	14549	14677	14816	14918	15004	15096	15198	15302	15426	15573	15757	15848
903	15154.73	357.4037	14306	16770	14475	14600	14714	14854	14955	15058	15141	15232	15321	15436	15616	15770	15893
904	15157.31	343.5188	14221	16586	14457	14609	14723	14872	14966	15062	15148	15233	15325	15429	15584	15743	15832
905	15200.15	352.8137	14025	16458	14528	14641	14776	14918	14999	15093	15175	15265	15370	15491	15679	15806	15861
906	15219.07	360.8683	14255	16498	14498	14634	14764	14926	15045	15124	15200	15292	15389	15512	15671	15845	15944
907	15237.85	356.5273	14339	16749	14560	14673	14805	14934	15037	15124	15221	15313	15410	15521	15681	15845	15928
908	15234.62	346.4488	14193	16409	14569	14690	14798	14935	15044	15130	15220	15307	15399	15515	15704	15852	15926
909	15263.21	354.1566	14282	16434	14596	14716	14819	14952	15064	15155	15241	15341	15440	15569	15732	15834	15971
910	15316.29	364.1938	14357	16697	14653	14751	14860	15016	15112	15206	15283	15389	15494	15614	15793	15943	16035
911	15310.07	351.1518	14413	16533	14582	14738	14873	15018	15120	15207	15302	15382	15486	15603	15755	15899	15980
912	15346.12	355.4495	14285	16836	14669	14768	14894	15038	15141	15241	15339	15440	15540	15638	15791	15940	16032
913	15361.59	352.8180	14302	16664	14717	14818	14934	15071	15168	15249	15323	15423	15515	15647	15831	15979	16060
914	15381.17	352.3254	14365	16880	14670	14819	14955	15088	15183	15281	15377	15465	15550	15659	15822	15962	16071
915	15406.52	362.787	14407	16673	14719	14863	14986	15098	15186	15272	15382	15486	15583	15699	15871	16026	16173
916	15416.65	346.7602	14476	16854	14792	14878	14996	15128	15224	15315	15393	15479	15564	15672	15888	16048	16146
917	15435.29	352.5897	14508	16718	14757	14889	15004	15143	15251	15336	15419	15500	15585	15718	15887	16054	16180
918	15446.66	370.4362	14597	16888	14760	14898	15000	15120	15222	15319	15419	15515	15619	15760	15943	16101	16177
919	15489.26	371.2522	14421	17057	14802	14916	15032	15179	15280	15381	15450	15553	15661	15788	15986	16143	16212
920	15510.49	353.3809	14605	16901	14860	14960	15082	15221	15301	15394	15485	15573	15689	15807	15980	16120	16208
921	15526.35	354.8572	14577	16851	14842	14999	15094	15219	15326	15421	15507	15594	15685	15815	15992	16115	16215
922	15566.04	364.2392	14618	17091	14852	14972	15096	15270	15372	15464	15552	15639	15748	15851	16023	16194	16295
923	15564.94	353.3786	14562	16696	14916	15018	15121	15265	15382	15445	15532	15632	15722	15868	16030	16159	16295
924	15586.55	363.8137	14570	16858	14879	15001	15129	15275	15387	15484	15573	15663	15767	15881	16039	16199	16316
925	15616.44	364.9929	14657	16915	14946	15054	15189	15296	15408	15498	15583	15681	15783	15911	16110	16243	16391
926	15641.42	361.9542	14656	16832	14991	15075	15192	15326	15438	15522	15627	15706	15818	15940	16130	16277	16370
927	15640.44	344.5774	14777	16977	14991	15098	15223	15341	15447	15531	15618	15722	15815	15940	16081	16231	16299
928	15669.25	356.0858	14717	16881	15023	15132	15241	15374	15461	15553	15645	15727	15828	15972	16145	16288	16396
929	15690.09	357.8687	14847	16921	15021	15120	15220	15368	15494	15587	15679	15771	15858	15985	16142	16328	16398
930	15731.66	364.3284	14697	17376	15071	15176	15264	15423	15536	15621	15706	15789	15901	16027	16203	16376	16462
931	15736.51	359.5335	14780	17222	15055	15178	15292	15429	15530	15621	15711	15809	15916	16029	16195	16354	16447
932	15746.65	374.1524	14756	16913	15023	15141	15268	15417	15545	15644	15733	15837	15938	16056	16233	16384	16470
933	15777.24	357.8853	14773	17128	15109	15231	15323	15468	15574	15657	15763	15858	15968	16095	16253	16351	16467
934	15819.56	363.1331	14739	17358	15153	15254	15382	15529	15628	15706	15794	15890	15992	16093	16250	16468	16605
935	15822.41	377.3736	14928	17278	15107	15235	15360	15478	15606	15712	15819	15914	16009	16128	16320	16455	16550
936	15824.47	368.4358	14813	17051	15158	15277	15376	15496	15601	15698	15790	15897	16018	16143	16323	16464	16552
937	15877.77	360.4226	14867	17188	15198	15309	15423	15564	15681	15772	15861	15950	16050	16175	16341	16504	16593
938	15884.09	375.3294	14817	17088	15173	15336	15423	15563	15666	15757	15860	15959	16067	16192	16387	16514	16593
939	15892.17	373.5831	14929	17355	15238	15345	15433	15565	15679	15759	15863	15961	16053	16194	16397	16567	16658
940	15945.05	390.8285	15085	17355	15192	15324	15452	15623	15728	15833	15927	16024	16134	16247	16472	16617	16720
941	15953.88	361.7081	14939	17495	15279	15409	15516	15638	15749	15843	15930	16011	16134	16259	16439	16566	16676
942	15980.96	373.9762	15015	17125	15294	15400	15491	15650	15776	15874	15956	16065	16156	16298	16479	16624	16724
943	15992.08	366.5912	15078	17742	15307	15413	15510	15683	15789	15889	15969	16073	16174	16298	16457	16622	16702
944	16002.30	392.0915	15081	18016	15268	15419	15521	15666	15778	15878	15957	16080	16183	16317	16515	16691	16854
945	16035.50	368.2145	15019	17310	15346	15441	15604	15736	15836	15920	16004	16089	16206	16354	16501	16657	16802
946	16038.86	363.1622	15112	17282	15343	15450	15565	15733	15829	15930	16035	16120	16231	16356	16520	16645	16724
947	16070.79	381.0407	15131	17639	15370	15464	15588	15738	15852	15953	16047	16152	16254	16396	16586	16723	16837
948	16109.15	382.2878	15138	17684	15412	15530	15642	15777	15905	16000	16087	16185	16299	16416	16580	16750	16861
949	16102.82	375.8356	15060	17377	15387	15527	15632	15771	15887	15990	16086	16181	16285	16422	16607	16734	16825
950	16136.73	365.919	15087	17570	15460	15594	15680	15823	15939	16012	16114	16208	16315	16426	16598	16772	16913
951	16158.2	375.0189	15132	17445	15387	15563	15685	15846	15961	16053	16150	16230	16334	16478	16650	16783	16872
952	16159.05	364.2997	15208	17563	15478	15569	15707	15845	15953	16050	16150	16233	16347	16467	16642	16780	16849
953	16191.07	378.8805	15160	17406	15465	15621	15710	15854	15974	16084	16178	16270	16370	16489	16699	16842	16929
954	16226.21	380.0045	15138	17702	15455	15600	15747	15914	16026	16122	16208	16305	16414	16541	16714	16866	16940
955	16236.66	382.7433	15244	17643	15584	15685	15788	15903	16013	16101	16196	16301	16424	16569	16761	16923	17025
956	16272.61	385.4559	15239	17576	15560	15694	15795	15937	16046	16162	16260	16355	16454	16569	16777	16949	17074
957	16302.74	376.5579	15271	17631	15567	15701	15845	15989	16096	16196	16274	16365	16475	16630	16798	16949	17016
958	16281.23	368.6496	15146	17740	15570	15721	15835	15976	16081	16167	16253	16349	16454	16591	16768	16916	17005
959	16325.02	381.4346	15412	17965	15594	15729	15854	16004	16113	16219	16300	16392	16510	16627	16804	16980	17066
960	16351.99	377.65	15230	17690	15649	15748	15880	16023	16132	16234	16340	16456	16541	16659	16837	16986	17091
961	16347.22	372.2851	15417	17762	15671	15798	15888	16026	16125	16228	16319	16405	16533	16654	16857	17008	17075
962	16371.89	376.7400	15308	17737	15720	15816	15907	16033	16144	16248	16359	16447	16549	16693	16872	17030	17146
963	16401	401.2348	15454	18536	15712	15827	15914	16064	16173	16263	16357	16456	16590	16701	16916	17119	17240
964	16408.07	367.4118	15487	17534	15756	15850	15952	16084	16171	16275	16376	16496	16597	16736	16916	17035	17140
965	16462.09	368.5397	15517	17951	15752	15870	15985	16135	16245	16367	16460	16552	16639	16772	16939	17094	17179
966	16497.30	374.7371	15489	17767	15776	15883	16001	16187	16287	16396	16487	16577	16677	16824	16981	17106	17237
967	16496.95	388.3964	15467	17787	15768	15916	16005	16154	16267	16368	16470	16583	16686	16842	17033	17168	17232
968	16493.70	385.0212	15586	17749	15764	15890	16004	16150	16283	16379	16477	16594	16673	16802	16997	17173	17261
969	16516.92	383.581	15496	18187	15811	15935	16045	16186	16298	16391	16490	16586	16710	16835	17023	17167	17269
970	16547.04	366.0757	15482	17862	15807	15975	16094	16234	16331	16462	16544	16619	16723	16847	17027	17157	17253
971	16569.84	388.1462	15654	18381	15860	15974	16079	16241	16346	16448	16547	16645	16762	16901	17063	17230	17362
972	16577.74	373.1530	15478	17796	15911	16020	16123	16252	16361	16456	16548	16632	16743	16881	17064	17268	17369
973	16601.23	375.0447	15526	17986	15863	16023	16129	16295	16406	16498	16583	16686	16775	16897	17082	17249	17362
974	16632.28	385.645	15601	18005	15912	16067	16150	16277	16411	16530	16615	16712	16805	16971	17150	17310	17389
975	16661.72	407.8795	15565	18353	15937	16033	16155	16307	16427	16533	16632	16737	16836	16978	17231	17376	17475
976	16665.45	373.7268	15611	18014	15983	16117	16214	16337	16451	16536	16645	16728	16831	16972	17160	17327	17464
977	16702.38	376.8307	15616	18188	16007	16122	16227	16381	16484	16587	16682	16783	16885	17010	17185	17361	17484
978	16722.23	373.6542	15667	18069	15984	16117	16236	16401	16515	16623	16718	16818	16910	17036	17196	17324	17462
979	16752.54	383.7837	15727	18119	16008	16170	16279	16426	16533	16647	16726	16825	16937	17064	17232	17446	17566
980	16773.43	383.2971	15686	18017	16035	16179	16301	16448	16568	16667	16750	16854	16957	17087	17254	17420	17588
981	16792.91	400.7577	15849	18243	16056	16189	16291	16433	16566	16664	16763	16863	16991	17127	17320	17525	17597
982	16811.72	388.2738	15727	18268	16047	16202	16336	16493	16614	16697	16785	16887	16985	17111	17304	17480	17585
983	16854.52	382.7304	15585	18124	16122	16265	16384	16525	16652	16739	16840	16924	17043	17169	17355	17499	17607
984	16847.73	396.4152	15519	18584	16104	16236	16378	16529	16619	16718	16818	16918	17034	17160	17343	17568	17701
985	16868.98	393.7057	15693	18626	16121	16244	16368	16535	16661	16760	16866	16953	17050	17176	17368	17536	17664
986	16887.12	394.2569	15712	18395	16126	16270	16405	16565	16670	16761	16863	16952	17064	17233	17404	17558	17681
987	16926.83	384.5304	15925	18565	16223	16356	16454	16589	16710	16818	16901	17002	17096	17242	17434	17613	17736
988	16922.62	391.4567	15960	18502	16196	16336	16452	16589	16698	16793	16887	16992	17128	17246	17447	17614	17712
989	16954.10	396.9528	15885	18608	16205	16338	16463	16626	16742	16843	16923	17016	17126	17275	17486	17627	17767
990	16980.96	396.7974	15986	18577	16204	16367	16491	16647	16768	16858	16947	17051	17189	17296	17496	17668	17780
991	17012.12	406.7772	16002	18787	16273	16381	16512	16660	16788	16903	16992	17087	17192	17326	17532	17719	17846
992	17012.75	388.4231	15979	18567	16326	16406	16522	16680	16787	16892	16994	17091	17204	17330	17519	17670	17790
993	17013.75	394.9579	16014	18235	16257	16377	16529	16676	16798	16883	16990	17089	17207	17332	17568	17719	17824
994	17066.31	385.7244	15999	19140	16356	16472	16584	16739	16857	16947	17044	17147	17239	17350	17598	17727	17867
995	17088.99	378.6798	15972	18499	16397	16498	16607	16761	16881	16967	17079	17170	17273	17400	17577	17747	17837
996	17097.69	392.1549	16042	18497	16361	16462	16594	16760	16875	16985	17087	17177	17282	17407	17627	17789	17876
997	17156.06	399.2500	16135	18608	16418	16542	16655	16835	16938	17023	17121	17223	17335	17478	17679	17870	17967
998	17141.21	389.9839	16040	18411	16387	16529	16656	16812	16926	17022	17113	17212	17337	17473	17659	17786	17908
999	17154.32	382.7268	16127	18418	16394	16524	16675	16824	16945	17044	17146	17238	17334	17452	17669	17798	17942
1000	17175.04	391.6161	15900	18427	16394	16585	16700	16845	16964	17061	17157	17248	17363	17486	17662	17870	17998
