n	avg	sd	min	max	0.02	0.05	0.1	0.2	0.3	0.4	0.5	0.6	0.7	0.8	0.9	0.95	0.97
4	0.705	0.4562710	0	1	0	0	0	0	1	1	1	1	1	1	1	1	1
5	1.578	0.624745	0	2	0	0	1	1	1	2	2	2	2	2	2	2	2
6	2.584	0.6598328	0	3	1	1	2	2	2	3	3	3	3	3	3	3	3
7	3.606	0.6732141	0	4	2	2	3	3	3	4	4	4	4	4	4	4	4
8	4.626	0.6546393	1	5	3	3	4	4	5	5	5	5	5	5	5	5	5
9	5.713	0.5594139	3	6	4	5	5	5	6	6	6	6	6	6	6	6	6
10	6.674	0.5779776	3	7	5	6	6	6	7	7	7	7	7	7	7	7	7
11	7.717	0.5283845	5	8	6	7	7	7	8	8	8	8	8	8	8	8	8
12	8.753	0.492172	7	9	7	8	8	8	9	9	9	9	9	9	9	9	9
13	9.711	0.5655076	7	10	8	9	9	9	10	10	10	10	10	10	10	10	10
14	10.761	0.492058	8	11	9	10	10	10	11	11	11	11	11	11	11	11	11
15	11.716	0.5528559	9	12	10	11	11	11	12	12	12	12	12	12	12	12	12
16	12.698	0.5754365	9	13	11	12	12	12	13	13	13	13	13	13	13	13	13
17	13.753	0.5081823	11	14	12	13	13	13	14	14	14	14	14	14	14	14	14
18	14.786	0.4431708	13	15	14	14	14	14	15	15	15	15	15	15	15	15	15
19	15.753	0.5042274	13	16	14	15	15	15	16	16	16	16	16	16	16	16	16
20	16.75	0.5037398	14	17	15	16	16	16	17	17	17	17	17	17	17	17	17
21	17.752	0.5086794	15	18	16	17	17	17	18	18	18	18	18	18	18	18	18
22	18.767	0.4847122	16	19	17	18	18	18	19	19	19	19	19	19	19	19	19
23	19.746	0.5174473	17	20	18	19	19	19	20	20	20	20	20	20	20	20	20
24	20.77	0.4830459	18	21	19	20	20	20	21	21	21	21	21	21	21	21	21
25	21.758	0.4875179	19	22	20	21	21	21	22	22	22	22	22	22	22	22	22
26	22.784	0.4621229	20	23	21	22	22	23	23	23	23	23	23	23	23	23	23
27	23.777	0.4790621	21	24	22	23	23	24	24	24	24	24	24	24	24	24	24
28	24.749	0.5101561	22	25	23	24	24	24	25	25	25	25	25	25	25	25	25
29	25.741	0.5021665	23	26	24	25	25	25	26	26	26	26	26	26	26	26	26
30	26.778	0.4826479	24	27	25	26	26	27	27	27	27	27	27	27	27	27	27
31	27.772	0.4692933	26	28	26	27	27	27	28	28	28	28	28	28	28	28	28
32	28.751	0.4952214	26	29	27	28	28	28	29	29	29	29	29	29	29	29	29
33	29.791	0.4749153	27	30	28	29	29	30	30	30	30	30	30	30	30	30	30
34	30.767	0.4784767	28	31	29	30	30	30	31	31	31	31	31	31	31	31	31
35	31.774	0.4786994	29	32	30	31	31	31	32	32	32	32	32	32	32	32	32
36	32.763	0.4970695	30	33	31	32	32	32	33	33	33	33	33	33	33	33	33
37	33.738	0.5035967	31	34	32	33	33	33	34	34	34	34	34	34	34	34	34
38	34.763	0.5010809	32	35	33	34	34	34	35	35	35	35	35	35	35	35	35
39	35.741	0.5001691	33	36	34	35	35	35	36	36	36	36	36	36	36	36	36
40	36.77	0.472571	35	37	35	36	36	36	37	37	37	37	37	37	37	37	37
41	37.757	0.4880463	35	38	36	37	37	37	38	38	38	38	38	38	38	38	38
42	38.797	0.4358681	37	39	38	38	38	39	39	39	39	39	39	39	39	39	39
43	39.769	0.4897743	37	40	38	39	39	39	40	40	40	40	40	40	40	40	40
44	40.786	0.4716211	37	41	39	40	40	41	41	41	41	41	41	41	41	41	41
45	41.784	0.4599517	39	42	41	41	41	42	42	42	42	42	42	42	42	42	42
46	42.796	0.4589059	40	43	41	42	42	43	43	43	43	43	43	43	43	43	43
47	43.763	0.4909909	41	44	42	43	43	43	44	44	44	44	44	44	44	44	44
48	44.792	0.4614639	42	45	43	44	44	45	45	45	45	45	45	45	45	45	45
49	45.777	0.4790621	43	46	44	45	45	46	46	46	46	46	46	46	46	46	46
50	46.766	0.4769397	45	47	45	46	46	46	47	47	47	47	47	47	47	47	47
51	47.737	0.5197125	45	48	46	47	47	47	48	48	48	48	48	48	48	48	48
52	48.779	0.4841419	45	49	47	48	48	49	49	49	49	49	49	49	49	49	49
53	49.781	0.4809057	47	50	48	49	49	50	50	50	50	50	50	50	50	50	50
54	50.769	0.4710211	48	51	49	50	50	50	51	51	51	51	51	51	51	51	51
55	51.803	0.4408916	49	52	51	51	51	52	52	52	52	52	52	52	52	52	52
56	52.761	0.49611	50	53	51	52	52	52	53	53	53	53	53	53	53	53	53
57	53.778	0.4826479	51	54	52	53	53	54	54	54	54	54	54	54	54	54	54
58	54.779	0.4694458	52	55	53	54	54	55	55	55	55	55	55	55	55	55	55
59	55.738	0.5230962	53	56	54	55	55	55	56	56	56	56	56	56	56	56	56
60	56.766	0.495469	54	57	55	56	56	56	57	57	57	57	57	57	57	57	57
61	57.766	0.4641761	56	58	57	57	57	57	58	58	58	58	58	58	58	58	58
62	58.767	0.4826427	56	59	57	58	58	58	59	59	59	59	59	59	59	59	59
63	59.764	0.4780508	57	60	58	59	59	59	60	60	60	60	60	60	60	60	60
64	60.784	0.4533757	58	61	60	60	60	61	61	61	61	61	61	61	61	61	61
65	61.762	0.4770572	59	62	60	61	61	61	62	62	62	62	62	62	62	62	62
66	62.815	0.4300697	60	63	62	62	62	63	63	63	63	63	63	63	63	63	63
67	63.741	0.5100776	61	64	62	63	63	63	64	64	64	64	64	64	64	64	64
68	64.787	0.4514807	63	65	64	64	64	65	65	65	65	65	65	65	65	65	65
69	65.755	0.4890953	63	66	64	65	65	65	66	66	66	66	66	66	66	66	66
70	66.785	0.4743416	64	67	65	66	66	67	67	67	67	67	67	67	67	67	67
71	67.796	0.4456261	66	68	67	67	67	68	68	68	68	68	68	68	68	68	68
72	68.765	0.4837448	66	69	67	68	68	68	69	69	69	69	69	69	69	69	69
73	69.779	0.4608377	68	70	68	69	69	69	70	70	70	70	70	70	70	70	70
74	70.795	0.4417807	69	71	70	70	70	71	71	71	71	71	71	71	71	71	71
75	71.762	0.4853778	69	72	70	71	71	71	72	72	72	72	72	72	72	72	72
76	72.755	0.5012247	70	73	71	72	72	72	73	73	73	73	73	73	73	73	73
77	73.762	0.4749543	71	74	72	73	73	73	74	74	74	74	74	74	74	74	74
78	74.782	0.4611818	72	75	74	74	74	75	75	75	75	75	75	75	75	75	75
79	75.767	0.500961	73	76	74	75	75	75	76	76	76	76	76	76	76	76	76
80	76.793	0.4586517	74	77	76	76	76	77	77	77	77	77	77	77	77	77	77
81	77.765	0.4899133	75	78	76	77	77	77	78	78	78	78	78	78	78	78	78
82	78.787	0.4514807	77	79	78	78	78	79	79	79	79	79	79	79	79	79	79
83	79.78	0.4688495	77	80	78	79	79	80	80	80	80	80	80	80	80	80	80
84	80.769	0.483604	78	81	79	80	80	80	81	81	81	81	81	81	81	81	81
85	81.778	0.4526819	80	82	81	81	81	81	82	82	82	82	82	82	82	82	82
86	82.78	0.4773131	81	83	81	82	82	83	83	83	83	83	83	83	83	83	83
87	83.75	0.5116266	81	84	82	83	83	83	84	84	84	84	84	84	84	84	84
88	84.743	0.4931472	82	85	83	84	84	84	85	85	85	85	85	85	85	85	85
89	85.791	0.4599245	83	86	85	85	85	86	86	86	86	86	86	86	86	86	86
90	86.799	0.4275299	85	87	86	86	86	87	87	87	87	87	87	87	87	87	87
91	87.792	0.4743005	84	88	87	87	87	88	88	88	88	88	88	88	88	88	88
92	88.772	0.4798398	87	89	87	88	88	88	89	89	89	89	89	89	89	89	89
93	89.776	0.481722	87	90	88	89	89	90	90	90	90	90	90	90	90	90	90
94	90.787	0.4514807	89	91	90	90	90	91	91	91	91	91	91	91	91	91	91
95	91.778	0.4805694	89	92	90	91	91	92	92	92	92	92	92	92	92	92	92
96	92.793	0.456464	91	93	91	92	92	93	93	93	93	93	93	93	93	93	93
97	93.788	0.4704012	91	94	92	93	93	94	94	94	94	94	94	94	94	94	94
98	94.791	0.446675	93	95	94	94	94	95	95	95	95	95	95	95	95	95	95
99	95.782	0.4546237	94	96	95	95	95	95	96	96	96	96	96	96	96	96	96
100	96.78	0.4514463	95	97	96	96	96	96	97	97	97	97	97	97	97	97	97
101	97.785	0.4722266	95	98	96	97	97	98	98	98	98	98	98	98	98	98	98
102	98.774	0.4659841	96	99	98	98	98	98	99	99	99	99	99	99	99	99	99
103	99.783	0.4583897	98	100	98	99	99	100	100	100	100	100	100	100	100	100	100
104	100.793	0.4757913	98	101	99	100	100	101	101	101	101	101	101	101	101	101	101
105	101.759	0.484927	99	102	100	101	101	101	102	102	102	102	102	102	102	102	102
106	102.773	0.4729637	100	103	101	102	102	102	103	103	103	103	103	103	103	103	103
107	103.779	0.4586604	101	104	103	103	103	103	104	104	104	104	104	104	104	104	104
108	104.778	0.4742794	101	105	104	104	104	104	105	105	105	105	105	105	105	105	105
109	105.784	0.4685761	103	106	104	105	105	106	106	106	106	106	106	106	106	106	106
110	106.744	0.5183944	103	107	105	106	106	106	107	107	107	107	107	107	107	107	107
111	107.766	0.4852623	104	108	106	107	107	107	108	108	108	108	108	108	108	108	108
112	108.761	0.4733953	106	109	108	108	108	108	109	109	109	109	109	109	109	109	109
113	109.77	0.4892232	107	110	108	109	109	109	110	110	110	110	110	110	110	110	110
114	110.806	0.4478444	108	111	110	110	110	111	111	111	111	111	111	111	111	111	111
115	111.774	0.4786994	109	112	110	111	111	111	112	112	112	112	112	112	112	112	112
116	112.751	0.4850095	110	113	111	112	112	112	113	113	113	113	113	113	113	113	113
117	113.769	0.477354	111	114	112	113	113	113	114	114	114	114	114	114	114	114	114
118	114.805	0.4440407	112	115	114	114	114	115	115	115	115	115	115	115	115	115	115
119	115.781	0.450824	114	116	115	115	115	115	116	116	116	116	116	116	116	116	116
120	116.784	0.446703	115	117	116	116	116	116	117	117	117	117	117	117	117	117	117
121	117.781	0.463955	116	118	116	117	117	118	118	118	118	118	118	118	118	118	118
122	118.795	0.4507529	116	119	118	118	118	119	119	119	119	119	119	119	119	119	119
123	119.78	0.4492236	118	120	119	119	119	119	120	120	120	120	120	120	120	120	120
124	120.765	0.4711656	118	121	120	120	120	120	121	121	121	121	121	121	121	121	121
125	121.763	0.4868964	119	122	120	121	121	121	122	122	122	122	122	122	122	122	122
126	122.775	0.4545125	120	123	122	122	122	122	123	123	123	123	123	123	123	123	123
127	123.767	0.4784767	121	124	122	123	123	123	124	124	124	124	124	124	124	124	124
128	124.782	0.4719096	122	125	123	124	124	125	125	125	125	125	125	125	125	125	125
129	125.784	0.4577702	123	126	125	125	125	126	126	126	126	126	126	126	126	126	126
130	126.765	0.4899133	124	127	125	126	126	126	127	127	127	127	127	127	127	127	127
131	127.769	0.477354	126	128	126	127	127	127	128	128	128	128	128	128	128	128	128
132	128.795	0.4529682	126	129	128	128	128	129	129	129	129	129	129	129	129	129	129
133	129.78	0.4773131	127	130	128	129	129	130	130	130	130	130	130	130	130	130	130
134	130.81	0.4405611	128	131	130	130	130	131	131	131	131	131	131	131	131	131	131
135	131.785	0.4806308	129	132	130	131	131	132	132	132	132	132	132	132	132	132	132
136	132.771	0.4655919	130	133	132	132	132	132	133	133	133	133	133	133	133	133	133
137	133.756	0.4966998	131	134	132	133	133	133	134	134	134	134	134	134	134	134	134
138	134.77	0.507304	132	135	133	134	134	135	135	135	135	135	135	135	135	135	135
139	135.784	0.4489382	133	136	135	135	135	135	136	136	136	136	136	136	136	136	136
140	136.767	0.4784767	135	137	135	136	136	136	137	137	137	137	137	137	137	137	137
141	137.765	0.4939828	135	138	136	137	137	137	138	138	138	138	138	138	138	138	138
142	138.768	0.4903228	136	139	137	138	138	138	139	139	139	139	139	139	139	139	139
143	139.771	0.4845553	137	140	138	139	139	139	140	140	140	140	140	140	140	140	140
144	140.799	0.4458675	138	141	140	140	140	141	141	141	141	141	141	141	141	141	141
145	141.766	0.4914117	139	142	140	141	141	141	142	142	142	142	142	142	142	142	142
146	142.797	0.4427042	141	143	142	142	142	143	143	143	143	143	143	143	143	143	143
147	143.8	0.4429404	141	144	143	143	143	144	144	144	144	144	144	144	144	144	144
148	144.77	0.4683154	143	145	143	144	144	144	145	145	145	145	145	145	145	145	145
149	145.778	0.4929087	142	146	144	145	145	146	146	146	146	146	146	146	146	146	146
150	146.811	0.432974	144	147	146	146	146	147	147	147	147	147	147	147	147	147	147
151	147.78	0.4514463	146	148	147	147	147	147	148	148	148	148	148	148	148	148	148
152	148.767	0.4888251	145	149	147	148	148	148	149	149	149	149	149	149	149	149	149
153	149.769	0.4667514	147	150	149	149	149	149	150	150	150	150	150	150	150	150	150
154	150.766	0.4790339	148	151	149	150	150	150	151	151	151	151	151	151	151	151	151
155	151.808	0.4487063	149	152	150	151	151	152	152	152	152	152	152	152	152	152	152
156	152.784	0.446703	150	153	152	152	152	152	153	153	153	153	153	153	153	153	153
157	153.781	0.4596197	151	154	153	153	153	153	154	154	154	154	154	154	154	154	154
158	154.758	0.4854603	153	155	153	154	154	154	155	155	155	155	155	155	155	155	155
159	155.768	0.4800067	153	156	154	155	155	155	156	156	156	156	156	156	156	156	156
160	156.785	0.4701021	154	157	155	156	156	157	157	157	157	157	157	157	157	157	157
161	157.783	0.4583897	155	158	157	157	157	158	158	158	158	158	158	158	158	158	158
162	158.771	0.5047909	155	159	157	158	158	159	159	159	159	159	159	159	159	159	159
163	159.775	0.4696761	158	160	158	159	159	159	160	160	160	160	160	160	160	160	160
164	160.757	0.4755809	159	161	159	160	160	160	161	161	161	161	161	161	161	161	161
165	161.775	0.4588961	159	162	161	161	161	161	162	162	162	162	162	162	162	162	162
166	162.777	0.476968	160	163	161	162	162	163	163	163	163	163	163	163	163	163	163
167	163.766	0.5014933	161	164	162	163	163	163	164	164	164	164	164	164	164	164	164
168	164.744	0.4987111	162	165	163	164	164	164	165	165	165	165	165	165	165	165	165
169	165.752	0.4926852	163	166	164	165	165	165	166	166	166	166	166	166	166	166	166
170	166.786	0.4476655	164	167	166	166	166	167	167	167	167	167	167	167	167	167	167
171	167.772	0.4650078	166	168	166	167	167	167	168	168	168	168	168	168	168	168	168
172	168.75	0.4937041	165	169	167	168	168	168	169	169	169	169	169	169	169	169	169
173	169.763	0.4990792	167	170	168	169	169	169	170	170	170	170	170	170	170	170	170
174	170.771	0.4783177	168	171	169	170	170	170	171	171	171	171	171	171	171	171	171
175	171.724	0.513895	169	172	170	171	171	171	172	172	172	172	172	172	172	172	172
176	172.794	0.464521	169	173	172	172	172	173	173	173	173	173	173	173	173	173	173
177	173.772	0.5002662	171	174	172	173	173	174	174	174	174	174	174	174	174	174	174
178	174.79	0.4517788	173	175	174	174	174	175	175	175	175	175	175	175	175	175	175
179	175.783	0.4562007	174	176	175	175	175	176	176	176	176	176	176	176	176	176	176
180	176.799	0.4458675	175	177	176	176	176	177	177	177	177	177	177	177	177	177	177
181	177.768	0.4715913	175	178	177	177	177	177	178	178	178	178	178	178	178	178	178
182	178.76	0.484391	176	179	177	178	178	178	179	179	179	179	179	179	179	179	179
183	179.764	0.4965386	176	180	178	179	179	179	180	180	180	180	180	180	180	180	180
184	180.773	0.4813551	178	181	179	180	180	180	181	181	181	181	181	181	181	181	181
185	181.755	0.5111127	178	182	180	181	181	181	182	182	182	182	182	182	182	182	182
186	182.782	0.4782308	179	183	181	182	182	183	183	183	183	183	183	183	183	183	183
187	183.776	0.481722	181	184	182	183	183	184	184	184	184	184	184	184	184	184	184
188	184.761	0.4817791	183	185	183	184	184	184	185	185	185	185	185	185	185	185	185
189	185.744	0.5279609	182	186	184	185	185	185	186	186	186	186	186	186	186	186	186
190	186.781	0.4725064	183	187	186	186	186	187	187	187	187	187	187	187	187	187	187
191	187.784	0.4621229	185	188	187	187	187	188	188	188	188	188	188	188	188	188	188
192	188.774	0.4849321	185	189	187	188	188	188	189	189	189	189	189	189	189	189	189
193	189.79	0.4627247	187	190	188	189	189	190	190	190	190	190	190	190	190	190	190
194	190.761	0.5119972	188	191	189	190	190	190	191	191	191	191	191	191	191	191	191
195	191.785	0.4593321	188	192	191	191	191	192	192	192	192	192	192	192	192	192	192
196	192.782	0.4740261	188	193	192	192	192	193	193	193	193	193	193	193	193	193	193
197	193.759	0.4786942	192	194	192	193	193	193	194	194	194	194	194	194	194	194	194
198	194.785	0.4679679	193	195	193	194	194	195	195	195	195	195	195	195	195	195	195
199	195.786	0.4587095	193	196	195	195	195	196	196	196	196	196	196	196	196	196	196
200	196.801	0.4307953	194	197	196	196	196	197	197	197	197	197	197	197	197	197	197
201	197.782	0.4611818	195	198	197	197	197	198	198	198	198	198	198	198	198	198	198
202	198.795	0.4551727	196	199	198	198	198	199	199	199	199	199	199	199	199	199	199
203	199.786	0.4652101	197	200	199	199	199	200	200	200	200	200	200	200	200	200	200
204	200.764	0.4863543	197	201	200	200	200	200	201	201	201	201	201	201	201	201	201
205	201.759	0.4828583	199	202	200	201	201	201	202	202	202	202	202	202	202	202	202
206	202.768	0.4737092	201	203	201	202	202	202	203	203	203	203	203	203	203	203	203
207	203.776	0.4712176	201	204	202	203	203	203	204	204	204	204	204	204	204	204	204
208	204.762	0.4853778	202	205	203	204	204	204	205	205	205	205	205	205	205	205	205
209	205.786	0.4779461	202	206	204	205	205	206	206	206	206	206	206	206	206	206	206
210	206.785	0.4743416	204	207	205	206	206	207	207	207	207	207	207	207	207	207	207
211	207.75	0.4916724	206	208	206	207	207	207	208	208	208	208	208	208	208	208	208
212	208.761	0.5100384	204	209	207	208	208	208	209	209	209	209	209	209	209	209	209
213	209.784	0.481223	207	210	208	209	209	210	210	210	210	210	210	210	210	210	210
214	210.797	0.4358681	209	211	210	210	210	211	211	211	211	211	211	211	211	211	211
215	211.768	0.4737092	209	212	211	211	211	211	212	212	212	212	212	212	212	212	212
216	212.754	0.4977266	210	213	211	212	212	212	213	213	213	213	213	213	213	213	213
217	213.748	0.5164908	211	214	212	213	213	213	214	214	214	214	214	214	214	214	214
218	214.79	0.4561887	212	215	214	214	214	215	215	215	215	215	215	215	215	215	215
219	215.742	0.5212559	213	216	214	215	215	215	216	216	216	216	216	216	216	216	216
220	216.781	0.463955	215	217	215	216	216	217	217	217	217	217	217	217	217	217	217
221	217.759	0.4807808	215	218	216	217	217	217	218	218	218	218	218	218	218	218	218
222	218.759	0.5090955	215	219	217	218	218	218	219	219	219	219	219	219	219	219	219
223	219.752	0.4926852	217	220	218	219	219	219	220	220	220	220	220	220	220	220	220
224	220.755	0.4849848	218	221	219	220	220	220	221	221	221	221	221	221	221	221	221
225	221.778	0.4867781	217	222	220	221	221	222	222	222	222	222	222	222	222	222	222
226	222.777	0.4790621	220	223	221	222	222	223	223	223	223	223	223	223	223	223	223
227	223.761	0.4981236	221	224	222	223	223	223	224	224	224	224	224	224	224	224	224
228	224.764	0.4717272	223	225	223	224	224	224	225	225	225	225	225	225	225	225	225
229	225.77	0.4746844	223	226	224	225	225	225	226	226	226	226	226	226	226	226	226
230	226.748	0.5027412	224	227	225	226	226	226	227	227	227	227	227	227	227	227	227
231	227.777	0.4706299	225	228	226	227	227	227	228	228	228	228	228	228	228	228	228
232	228.761	0.4859168	226	229	227	228	228	228	229	229	229	229	229	229	229	229	229
233	229.795	0.463886	227	230	229	229	229	230	230	230	230	230	230	230	230	230	230
234	230.795	0.4485267	228	231	230	230	230	231	231	231	231	231	231	231	231	231	231
235	231.78	0.4514463	230	232	231	231	231	231	232	232	232	232	232	232	232	232	232
236	232.774	0.5011738	229	233	231	232	232	233	233	233	233	233	233	233	233	233	233
237	233.765	0.4837448	231	234	232	233	233	233	234	234	234	234	234	234	234	234	234
238	234.764	0.4696004	233	235	233	234	234	234	235	235	235	235	235	235	235	235	235
239	235.795	0.4485267	234	236	235	235	235	236	236	236	236	236	236	236	236	236	236
240	236.79	0.4776276	234	237	235	236	236	237	237	237	237	237	237	237	237	237	237
241	237.805	0.4485267	235	238	236	237	237	238	238	238	238	238	238	238	238	238	238
242	238.797	0.4538689	236	239	237	238	238	239	239	239	239	239	239	239	239	239	239
243	239.784	0.4642839	237	240	238	239	239	240	240	240	240	240	240	240	240	240	240
244	240.767	0.4784767	238	241	239	240	240	240	241	241	241	241	241	241	241	241	241
245	241.766	0.4893705	239	242	240	241	241	241	242	242	242	242	242	242	242	242	242
246	242.76	0.4946157	240	243	241	242	242	242	243	243	243	243	243	243	243	243	243
247	243.789	0.4803225	241	244	242	243	243	244	244	244	244	244	244	244	244	244	244
248	244.782	0.4844695	242	245	243	244	244	245	245	245	245	245	245	245	245	245	245
249	245.777	0.4893981	243	246	244	245	245	246	246	246	246	246	246	246	246	246	246
250	246.791	0.4511347	245	247	246	246	246	247	247	247	247	247	247	247	247	247	247
251	247.764	0.4863543	245	248	246	247	247	247	248	248	248	248	248	248	248	248	248
252	248.777	0.4620438	246	249	248	248	248	248	249	249	249	249	249	249	249	249	249
253	249.791	0.4489104	247	250	249	249	249	250	250	250	250	250	250	250	250	250	250
254	250.762	0.472842	249	251	249	250	250	250	251	251	251	251	251	251	251	251	251
255	251.781	0.4682502	249	252	250	251	251	252	252	252	252	252	252	252	252	252	252
256	252.764	0.4801401	250	253	251	252	252	252	253	253	253	253	253	253	253	253	253
257	253.773	0.4665712	251	254	253	253	253	253	254	254	254	254	254	254	254	254	254
258	254.788	0.4596382	252	255	254	254	254	255	255	255	255	255	255	255	255	255	255
259	255.792	0.4460212	254	256	255	255	255	256	256	256	256	256	256	256	256	256	256
260	256.766	0.4684693	255	257	255	256	256	256	257	257	257	257	257	257	257	257	257
261	257.772	0.4650078	256	258	256	257	257	257	258	258	258	258	258	258	258	258	258
262	258.797	0.4516581	256	259	258	258	258	259	259	259	259	259	259	259	259	259	259
263	259.791	0.4555508	257	260	259	259	259	260	260	260	260	260	260	260	260	260	260
264	260.789	0.4502018	258	261	260	260	260	261	261	261	261	261	261	261	261	261	261
265	261.802	0.4324153	259	262	261	261	261	262	262	262	262	262	262	262	262	262	262
266	262.77	0.4871728	260	263	261	262	262	262	263	263	263	263	263	263	263	263	263
267	263.764	0.4780508	261	264	262	263	263	263	264	264	264	264	264	264	264	264	264
268	264.774	0.4786994	262	265	263	264	264	264	265	265	265	265	265	265	265	265	265
269	265.766	0.4873207	264	266	264	265	265	265	266	266	266	266	266	266	266	266	266
270	266.783	0.4900522	264	267	265	266	266	267	267	267	267	267	267	267	267	267	267
271	267.777	0.4995203	264	268	266	267	267	268	268	268	268	268	268	268	268	268	268
272	268.798	0.4397606	267	269	268	268	268	269	269	269	269	269	269	269	269	269	269
273	269.793	0.4453643	268	270	269	269	269	270	270	270	270	270	270	270	270	270	270
274	270.76	0.484391	268	271	269	270	270	270	271	271	271	271	271	271	271	271	271
275	271.79	0.4648829	268	272	270	271	271	272	272	272	272	272	272	272	272	272	272
276	272.794	0.4536185	270	273	272	272	272	273	273	273	273	273	273	273	273	273	273
277	273.761	0.4879725	271	274	272	273	273	273	274	274	274	274	274	274	274	274	274
278	274.773	0.4750755	272	275	273	274	274	274	275	275	275	275	275	275	275	275	275
279	275.781	0.4871101	273	276	274	275	275	276	276	276	276	276	276	276	276	276	276
280	276.743	0.4971903	274	277	275	276	276	276	277	277	277	277	277	277	277	277	277
281	277.789	0.4434813	275	278	277	277	277	278	278	278	278	278	278	278	278	278	278
282	278.78	0.4835637	276	279	277	278	278	279	279	279	279	279	279	279	279	279	279
283	279.749	0.4839765	277	280	279	279	279	279	280	280	280	280	280	280	280	280	280
284	280.798	0.4487732	278	281	280	280	280	281	281	281	281	281	281	281	281	281	281
285	281.764	0.4780508	279	282	280	281	281	281	282	282	282	282	282	282	282	282	282
286	282.762	0.4791509	280	283	281	282	282	282	283	283	283	283	283	283	283	283	283
287	283.779	0.4715733	281	284	282	283	283	284	284	284	284	284	284	284	284	284	284
288	284.781	0.4552431	282	285	284	284	284	284	285	285	285	285	285	285	285	285	285
289	285.774	0.4766038	283	286	284	285	285	285	286	286	286	286	286	286	286	286	286
290	286.751	0.4660646	285	287	286	286	286	286	287	287	287	287	287	287	287	287	287
291	287.747	0.4787695	285	288	287	287	287	287	288	288	288	288	288	288	288	288	288
292	288.771	0.4655919	286	289	288	288	288	288	289	289	289	289	289	289	289	289	289
293	289.769	0.4815297	287	290	288	289	289	289	290	290	290	290	290	290	290	290	290
294	290.78	0.4667096	288	291	289	290	290	291	291	291	291	291	291	291	291	291	291
295	291.794	0.4514064	289	292	291	291	291	292	292	292	292	292	292	292	292	292	292
296	292.733	0.5157296	290	293	291	292	292	292	293	293	293	293	293	293	293	293	293
297	293.781	0.4661076	291	294	293	293	293	294	294	294	294	294	294	294	294	294	294
298	294.797	0.4626067	292	295	293	294	294	295	295	295	295	295	295	295	295	295	295
299	295.768	0.5024226	292	296	294	295	295	295	296	296	296	296	296	296	296	296	296
300	296.776	0.4796395	294	297	295	296	296	297	297	297	297	297	297	297	297	297	297
301	297.79	0.4517788	295	298	297	297	297	298	298	298	298	298	298	298	298	298	298
302	298.766	0.4790339	296	299	297	298	298	298	299	299	299	299	299	299	299	299	299
303	299.76	0.5006502	297	300	298	299	299	299	300	300	300	300	300	300	300	300	300
304	300.763	0.4909909	298	301	299	300	300	300	301	301	301	301	301	301	301	301	301
305	301.781	0.4809057	299	302	300	301	301	302	302	302	302	302	302	302	302	302	302
306	302.772	0.4585043	301	303	302	302	302	302	303	303	303	303	303	303	303	303	303
307	303.788	0.4809234	301	304	302	303	303	304	304	304	304	304	304	304	304	304	304
308	304.744	0.5164598	302	305	303	304	304	304	305	305	305	305	305	305	305	305	305
309	305.787	0.4425233	303	306	305	305	305	305	306	306	306	306	306	306	306	306	306
310	306.774	0.4638309	304	307	306	306	306	306	307	307	307	307	307	307	307	307	307
311	307.766	0.4914117	305	308	306	307	307	307	308	308	308	308	308	308	308	308	308
312	308.778	0.4614422	307	309	307	308	308	308	309	309	309	309	309	309	309	309	309
313	309.751	0.4891199	308	310	308	309	309	309	310	310	310	310	310	310	310	310	310
314	310.756	0.5106121	308	311	309	310	310	310	311	311	311	311	311	311	311	311	311
315	311.792	0.463628	310	312	310	311	311	312	312	312	312	312	312	312	312	312	312
316	312.768	0.4673269	311	313	311	312	312	312	313	313	313	313	313	313	313	313	313
317	313.8	0.4406747	312	314	313	313	313	314	314	314	314	314	314	314	314	314	314
318	314.761	0.492058	312	315	313	314	314	314	315	315	315	315	315	315	315	315	315
319	315.783	0.4450945	313	316	315	315	315	315	316	316	316	316	316	316	316	316	316
320	316.77	0.4809692	314	317	315	316	316	316	317	317	317	317	317	317	317	317	317
321	317.758	0.5016848	315	318	316	317	317	317	318	318	318	318	318	318	318	318	318
322	318.788	0.4463802	317	319	318	318	318	319	319	319	319	319	319	319	319	319	319
323	319.791	0.4728029	316	320	319	319	319	320	320	320	320	320	320	320	320	320	320
324	320.752	0.4886049	318	321	319	320	320	320	321	321	321	321	321	321	321	321	321
325	321.8	0.4584869	319	322	321	321	321	322	322	322	322	322	322	322	322	322	322
326	322.765	0.4816711	319	323	322	322	322	322	323	323	323	323	323	323	323	323	323
327	323.764	0.4884082	321	324	322	323	323	323	324	324	324	324	324	324	324	324	324
328	324.779	0.4673087	322	325	324	324	324	324	325	325	325	325	325	325	325	325	325
329	325.787	0.4667428	322	326	324	325	325	326	326	326	326	326	326	326	326	326	326
330	326.797	0.4472035	324	327	326	326	326	327	327	327	327	327	327	327	327	327	327
331	327.762	0.4749543	325	328	327	327	327	327	328	328	328	328	328	328	328	328	328
332	328.765	0.4899133	326	329	327	328	328	328	329	329	329	329	329	329	329	329	329
333	329.757	0.4839268	327	330	328	329	329	329	330	330	330	330	330	330	330	330	330
334	330.793	0.4476062	329	331	330	330	330	331	331	331	331	331	331	331	331	331	331
335	331.793	0.4586517	329	332	330	331	331	332	332	332	332	332	332	332	332	332	332
336	332.776	0.4733371	330	333	331	332	332	332	333	333	333	333	333	333	333	333	333
337	333.766	0.4831951	331	334	332	333	333	333	334	334	334	334	334	334	334	334	334
338	334.781	0.4530389	333	335	334	334	334	334	335	335	335	335	335	335	335	335	335
339	335.77	0.470448	334	336	334	335	335	335	336	336	336	336	336	336	336	336	336
340	336.8	0.4584869	334	337	335	336	336	337	337	337	337	337	337	337	337	337	337
341	337.788	0.4552618	335	338	337	337	337	338	338	338	338	338	338	338	338	338	338
342	338.781	0.4661076	336	339	337	338	338	339	339	339	339	339	339	339	339	339	339
343	339.783	0.4734291	337	340	338	339	339	340	340	340	340	340	340	340	340	340	340
344	340.774	0.4849321	338	341	339	340	340	341	341	341	341	341	341	341	341	341	341
345	341.765	0.5079695	339	342	340	341	341	341	342	342	342	342	342	342	342	342	342
346	342.786	0.4565221	340	343	342	342	342	343	343	343	343	343	343	343	343	343	343
347	343.779	0.4694458	341	344	342	343	343	344	344	344	344	344	344	344	344	344	344
348	344.767	0.4847122	343	345	343	344	344	344	345	345	345	345	345	345	345	345	345
349	345.776	0.477548	343	346	344	345	345	346	346	346	346	346	346	346	346	346	346
350	346.768	0.4862226	345	347	345	346	346	346	347	347	347	347	347	347	347	347	347
351	347.775	0.4545125	345	348	347	347	347	347	348	348	348	348	348	348	348	348	348
352	348.8	0.460665	346	349	347	348	348	349	349	349	349	349	349	349	349	349	349
353	349.765	0.4919523	346	350	348	349	349	349	350	350	350	350	350	350	350	350	350
354	350.778	0.4908737	348	351	349	350	350	351	351	351	351	351	351	351	351	351	351
355	351.807	0.4493918	349	352	351	351	351	352	352	352	352	352	352	352	352	352	352
356	352.757	0.4818539	351	353	351	352	352	352	353	353	353	353	353	353	353	353	353
357	353.752	0.5203525	350	354	352	353	353	353	354	354	354	354	354	354	354	354	354
358	354.753	0.492172	352	355	353	354	354	354	355	355	355	355	355	355	355	355	355
359	355.802	0.4393051	354	356	355	355	355	356	356	356	356	356	356	356	356	356	356
360	356.783	0.4583897	354	357	356	356	356	357	357	357	357	357	357	357	357	357	357
361	357.751	0.5150381	355	358	356	357	357	357	358	358	358	358	358	358	358	358	358
362	358.794	0.4580107	356	359	357	358	358	359	359	359	359	359	359	359	359	359	359
363	359.743	0.4971903	357	360	358	359	359	359	360	360	360	360	360	360	360	360	360
364	360.755	0.4766573	359	361	359	360	360	360	361	361	361	361	361	361	361	361	361
365	361.789	0.4590095	359	362	361	361	361	362	362	362	362	362	362	362	362	362	362
366	362.773	0.4854964	360	363	361	362	362	362	363	363	363	363	363	363	363	363	363
367	363.792	0.4614639	360	364	363	363	363	364	364	364	364	364	364	364	364	364	364
368	364.789	0.4633505	362	365	363	364	364	365	365	365	365	365	365	365	365	365	365
369	365.792	0.4592896	363	366	364	365	365	366	366	366	366	366	366	366	366	366	366
370	366.769	0.4731415	365	367	365	366	366	366	367	367	367	367	367	367	367	367	367
371	367.768	0.4841595	365	368	366	367	367	367	368	368	368	368	368	368	368	368	368
372	368.798	0.4576084	365	369	368	368	368	369	369	369	369	369	369	369	369	369	369
373	369.758	0.4771411	367	370	369	369	369	369	370	370	370	370	370	370	370	370	370
374	370.792	0.4592896	368	371	370	370	370	371	371	371	371	371	371	371	371	371	371
375	371.785	0.4722266	369	372	370	371	371	372	372	372	372	372	372	372	372	372	372
376	372.795	0.4529682	370	373	372	372	372	373	373	373	373	373	373	373	373	373	373
377	373.807	0.4218162	372	374	373	373	373	374	374	374	374	374	374	374	374	374	374
378	374.766	0.4727235	372	375	373	374	374	374	375	375	375	375	375	375	375	375	375
379	375.764	0.4780508	373	376	374	375	375	375	376	376	376	376	376	376	376	376	376
380	376.755	0.5130675	373	377	375	376	376	376	377	377	377	377	377	377	377	377	377
381	377.75	0.4855262	375	378	376	377	377	377	378	378	378	378	378	378	378	378	378
382	378.774	0.4849321	376	379	377	378	378	379	379	379	379	379	379	379	379	379	379
383	379.772	0.4563159	378	380	379	379	379	379	380	380	380	380	380	380	380	380	380
384	380.758	0.4956629	378	381	379	380	380	380	381	381	381	381	381	381	381	381	381
385	381.781	0.4682502	379	382	380	381	381	382	382	382	382	382	382	382	382	382	382
386	382.78	0.4752113	380	383	381	382	382	383	383	383	383	383	383	383	383	383	383
387	383.757	0.4859909	381	384	382	383	383	383	384	384	384	384	384	384	384	384	384
388	384.781	0.4788197	381	385	383	384	384	385	385	385	385	385	385	385	385	385	385
389	385.787	0.4645932	383	386	385	385	385	386	386	386	386	386	386	386	386	386	386
390	386.766	0.4934445	383	387	385	386	386	386	387	387	387	387	387	387	387	387	387
391	387.775	0.4675399	386	388	386	387	387	387	388	388	388	388	388	388	388	388	388
392	388.754	0.4936879	387	389	387	388	388	388	389	389	389	389	389	389	389	389	389
393	389.78	0.4794057	387	390	388	389	389	390	390	390	390	390	390	390	390	390	390
394	390.781	0.4809057	388	391	389	390	390	391	391	391	391	391	391	391	391	391	391
395	391.773	0.4622604	389	392	391	391	391	391	392	392	392	392	392	392	392	392	392
396	392.766	0.4769397	390	393	391	392	392	392	393	393	393	393	393	393	393	393	393
397	393.802	0.4460886	391	394	393	393	393	394	394	394	394	394	394	394	394	394	394
398	394.794	0.4514064	392	395	394	394	394	395	395	395	395	395	395	395	395	395	395
399	395.796	0.4411106	393	396	395	395	395	396	396	396	396	396	396	396	396	396	396
400	396.773	0.4665712	394	397	396	396	396	396	397	397	397	397	397	397	397	397	397
401	397.784	0.4599517	396	398	396	397	397	398	398	398	398	398	398	398	398	398	398
402	398.759	0.4807808	397	399	397	398	398	398	399	399	399	399	399	399	399	399	399
403	399.806	0.4410879	397	400	399	399	399	400	400	400	400	400	400	400	400	400	400
404	400.757	0.4921313	398	401	399	400	400	400	401	401	401	401	401	401	401	401	401
405	401.786	0.4587095	399	402	401	401	401	402	402	402	402	402	402	402	402	402	402
406	402.783	0.451791	401	403	402	402	402	402	403	403	403	403	403	403	403	403	403
407	403.773	0.457909	402	404	403	403	403	403	404	404	404	404	404	404	404	404	404
408	404.77	0.4932984	402	405	403	404	404	404	405	405	405	405	405	405	405	405	405
409	405.786	0.4652101	403	406	404	405	405	406	406	406	406	406	406	406	406	406	406
410	406.732	0.5122875	404	407	405	406	406	406	407	407	407	407	407	407	407	407	407
411	407.783	0.4562007	405	408	407	407	407	407	408	408	408	408	408	408	408	408	408
412	408.759	0.4931148	406	409	407	408	408	408	409	409	409	409	409	409	409	409	409
413	409.801	0.4578303	407	410	408	409	409	410	410	410	410	410	410	410	410	410	410
414	410.74	0.5066129	409	411	409	410	410	410	411	411	411	411	411	411	411	411	411
415	411.736	0.5084905	409	412	410	411	411	411	412	412	412	412	412	412	412	412	412
416	412.761	0.4670087	411	413	412	412	412	412	413	413	413	413	413	413	413	413	413
417	413.767	0.470034	412	414	412	413	413	413	414	414	414	414	414	414	414	414	414
418	414.783	0.4776391	411	415	413	414	414	415	415	415	415	415	415	415	415	415	415
419	415.784	0.481223	412	416	414	415	415	416	416	416	416	416	416	416	416	416	416
420	416.772	0.4777491	414	417	415	416	416	416	417	417	417	417	417	417	417	417	417
421	417.78	0.4731002	415	418	416	417	417	418	418	418	418	418	418	418	418	418	418
422	418.771	0.4698721	417	419	417	418	418	418	419	419	419	419	419	419	419	419	419
423	419.779	0.4673087	417	420	418	419	419	420	420	420	420	420	420	420	420	420	420
424	420.803	0.4431562	418	421	420	420	420	421	421	421	421	421	421	421	421	421	421
425	421.783	0.467043	419	422	421	421	421	422	422	422	422	422	422	422	422	422	422
426	422.78	0.4688495	420	423	421	422	422	423	423	423	423	423	423	423	423	423	423
427	423.792	0.4549098	421	424	423	423	423	424	424	424	424	424	424	424	424	424	424
428	424.789	0.4502018	423	425	424	424	424	425	425	425	425	425	425	425	425	425	425
429	425.797	0.4560691	423	426	424	425	425	426	426	426	426	426	426	426	426	426	426
430	426.786	0.4543241	424	427	426	426	426	427	427	427	427	427	427	427	427	427	427
431	427.776	0.4733371	425	428	427	427	427	427	428	428	428	428	428	428	428	428	428
432	428.764	0.5065181	426	429	427	428	428	428	429	429	429	429	429	429	429	429	429
433	429.778	0.4721641	427	430	428	429	429	430	430	430	430	430	430	430	430	430	430
434	430.765	0.4939828	428	431	429	430	430	430	431	431	431	431	431	431	431	431	431
435	431.782	0.4590062	429	432	431	431	431	432	432	432	432	432	432	432	432	432	432
436	432.744	0.5106121	430	433	431	432	432	432	433	433	433	433	433	433	433	433	433
437	433.806	0.4545004	431	434	432	433	433	434	434	434	434	434	434	434	434	434	434
438	434.763	0.4786022	433	435	433	434	434	434	435	435	435	435	435	435	435	435	435
439	435.745	0.5101326	434	436	434	435	435	435	436	436	436	436	436	436	436	436	436
440	436.774	0.4744988	435	437	435	436	436	436	437	437	437	437	437	437	437	437	437
441	437.759	0.4931148	435	438	436	437	437	437	438	438	438	438	438	438	438	438	438
442	438.784	0.4577702	437	439	437	438	438	439	439	439	439	439	439	439	439	439	439
443	439.778	0.4989639	437	440	438	439	439	440	440	440	440	440	440	440	440	440	440
444	440.754	0.5116109	437	441	439	440	440	440	441	441	441	441	441	441	441	441	441
445	441.742	0.5288816	439	442	440	441	441	441	442	442	442	442	442	442	442	442	442
446	442.767	0.4784767	440	443	441	442	442	442	443	443	443	443	443	443	443	443	443
447	443.78	0.4624001	441	444	443	443	443	443	444	444	444	444	444	444	444	444	444
448	444.76	0.4781513	442	445	443	444	444	444	445	445	445	445	445	445	445	445	445
449	445.758	0.4792345	444	446	444	445	445	445	446	446	446	446	446	446	446	446	446
450	446.8	0.4383973	445	447	446	446	446	447	447	447	447	447	447	447	447	447	447
451	447.759	0.5011688	445	448	446	447	447	447	448	448	448	448	448	448	448	448	448
452	448.768	0.4630231	446	449	448	448	448	448	449	449	449	449	449	449	449	449	449
453	449.723	0.5258779	447	450	448	449	449	449	450	450	450	450	450	450	450	450	450
454	450.76	0.4885065	448	451	449	450	450	450	451	451	451	451	451	451	451	451	451
455	451.76	0.4946157	449	452	450	451	451	451	452	452	452	452	452	452	452	452	452
456	452.779	0.4694458	450	453	451	452	452	453	453	453	453	453	453	453	453	453	453
457	453.782	0.4633473	452	454	452	453	453	454	454	454	454	454	454	454	454	454	454
458	454.809	0.4457777	452	455	453	454	454	455	455	455	455	455	455	455	455	455	455
459	455.796	0.4388355	453	456	455	455	455	456	456	456	456	456	456	456	456	456	456
460	456.782	0.4590062	454	457	456	456	456	457	457	457	457	457	457	457	457	457	457
461	457.804	0.4514286	455	458	457	457	457	458	458	458	458	458	458	458	458	458	458
462	458.783	0.451791	456	459	458	458	458	458	459	459	459	459	459	459	459	459	459
463	459.804	0.4602128	457	460	458	459	459	460	460	460	460	460	460	460	460	460	460
464	460.781	0.4350037	459	461	460	460	460	460	461	461	461	461	461	461	461	461	461
465	461.794	0.4536185	460	462	460	461	461	462	462	462	462	462	462	462	462	462	462
466	462.799	0.4458675	461	463	462	462	462	463	463	463	463	463	463	463	463	463	463
467	463.758	0.4813187	461	464	462	463	463	463	464	464	464	464	464	464	464	464	464
468	464.762	0.489485	462	465	463	464	464	464	465	465	465	465	465	465	465	465	465
469	465.744	0.4823865	464	466	464	465	465	465	466	466	466	466	466	466	466	466	466
470	466.772	0.4756493	464	467	465	466	466	466	467	467	467	467	467	467	467	467	467
471	467.766	0.4914117	465	468	466	467	467	467	468	468	468	468	468	468	468	468	468
472	468.788	0.4508428	466	469	468	468	468	469	469	469	469	469	469	469	469	469	469
473	469.771	0.482485	467	470	468	469	469	469	470	470	470	470	470	470	470	470	470
474	470.766	0.4873207	468	471	469	470	470	470	471	471	471	471	471	471	471	471	471
475	471.775	0.465394	469	472	471	471	471	471	472	472	472	472	472	472	472	472	472
476	472.811	0.4283252	471	473	472	472	472	473	473	473	473	473	473	473	473	473	473
477	473.807	0.4493918	471	474	473	473	473	474	474	474	474	474	474	474	474	474	474
478	474.778	0.4657606	472	475	474	474	474	474	475	475	475	475	475	475	475	475	475
479	475.765	0.4899133	473	476	474	475	475	475	476	476	476	476	476	476	476	476	476
480	476.778	0.4679048	474	477	476	476	476	476	477	477	477	477	477	477	477	477	477
481	477.79	0.4583777	475	478	477	477	477	478	478	478	478	478	478	478	478	478	478
482	478.765	0.4837448	476	479	477	478	478	478	479	479	479	479	479	479	479	479	479
483	479.796	0.4523147	478	480	478	479	479	480	480	480	480	480	480	480	480	480	480
484	480.779	0.4608377	479	481	479	480	480	480	481	481	481	481	481	481	481	481	481
485	481.784	0.4642839	479	482	480	481	481	482	482	482	482	482	482	482	482	482	482
486	482.781	0.4661076	480	483	481	482	482	483	483	483	483	483	483	483	483	483	483
487	483.783	0.47131	481	484	482	483	483	484	484	484	484	484	484	484	484	484	484
488	484.767	0.5069201	482	485	483	484	484	485	485	485	485	485	485	485	485	485	485
489	485.769	0.4710211	483	486	485	485	485	485	486	486	486	486	486	486	486	486	486
490	486.792	0.4415098	484	487	486	486	486	487	487	487	487	487	487	487	487	487	487
491	487.774	0.4702607	485	488	487	487	487	487	488	488	488	488	488	488	488	488	488
492	488.767	0.470034	486	489	488	488	488	488	489	489	489	489	489	489	489	489	489
493	489.758	0.4854603	488	490	488	489	489	489	490	490	490	490	490	490	490	490	490
494	490.775	0.4632382	488	491	490	490	490	490	491	491	491	491	491	491	491	491	491
495	491.771	0.482485	489	492	490	491	491	491	492	492	492	492	492	492	492	492	492
496	492.79	0.4734175	490	493	491	492	492	493	493	493	493	493	493	493	493	493	493
497	493.774	0.4723845	491	494	492	493	493	493	494	494	494	494	494	494	494	494	494
498	494.777	0.4706299	492	495	494	494	494	494	495	495	495	495	495	495	495	495	495
499	495.764	0.4904534	493	496	494	495	495	495	496	496	496	496	496	496	496	496	496
500	496.751	0.4992477	494	497	495	496	496	496	497	497	497	497	497	497	497	497	497
501	497.778	0.4657606	495	498	496	497	497	497	498	498	498	498	498	498	498	498	498
502	498.804	0.4333264	497	499	498	498	498	499	499	499	499	499	499	499	499	499	499
503	499.776	0.4582947	497	500	499	499	499	499	500	500	500	500	500	500	500	500	500
504	500.799	0.4367949	498	501	500	500	500	501	501	501	501	501	501	501	501	501	501
505	501.779	0.4715733	499	502	500	501	501	502	502	502	502	502	502	502	502	502	502
506	502.776	0.4733371	500	503	501	502	502	502	503	503	503	503	503	503	503	503	503
507	503.784	0.4664349	501	504	502	503	503	504	504	504	504	504	504	504	504	504	504
508	504.787	0.4536924	501	505	504	504	504	505	505	505	505	505	505	505	505	505	505
509	505.771	0.4741137	503	506	505	505	505	505	506	506	506	506	506	506	506	506	506
510	506.759	0.5051477	504	507	505	506	506	506	507	507	507	507	507	507	507	507	507
511	507.754	0.4813686	505	508	506	507	507	507	508	508	508	508	508	508	508	508	508
512	508.787	0.4710126	506	509	507	508	508	509	509	509	509	509	509	509	509	509	509
513	509.786	0.4758471	507	510	508	509	509	510	510	510	510	510	510	510	510	510	510
514	510.799	0.4525525	508	511	509	510	510	511	511	511	511	511	511	511	511	511	511
515	511.771	0.4866167	509	512	510	511	511	511	512	512	512	512	512	512	512	512	512
516	512.803	0.4431562	511	513	512	512	512	513	513	513	513	513	513	513	513	513	513
517	513.786	0.4630534	511	514	512	513	513	514	514	514	514	514	514	514	514	514	514
518	514.776	0.4669497	512	515	513	514	514	514	515	515	515	515	515	515	515	515	515
519	515.773	0.4644208	514	516	514	515	515	515	516	516	516	516	516	516	516	516	516
520	516.773	0.4936747	514	517	515	516	516	517	517	517	517	517	517	517	517	517	517
521	517.766	0.4831951	515	518	516	517	517	517	518	518	518	518	518	518	518	518	518
522	518.773	0.4771778	516	519	517	518	518	518	519	519	519	519	519	519	519	519	519
523	519.779	0.4673087	517	520	518	519	519	520	520	520	520	520	520	520	520	520	520
524	520.765	0.5059951	518	521	519	520	520	521	521	521	521	521	521	521	521	521	521
525	521.792	0.4415098	519	522	521	521	521	522	522	522	522	522	522	522	522	522	522
526	522.779	0.4586604	520	523	522	522	522	522	523	523	523	523	523	523	523	523	523
527	523.785	0.4571477	521	524	523	523	523	524	524	524	524	524	524	524	524	524	524
528	524.756	0.5164598	520	525	523	524	524	524	525	525	525	525	525	525	525	525	525
529	525.784	0.4642839	523	526	524	525	525	526	526	526	526	526	526	526	526	526	526
530	526.787	0.4425233	525	527	526	526	526	527	527	527	527	527	527	527	527	527	527
531	527.757	0.5120676	525	528	526	527	527	527	528	528	528	528	528	528	528	528	528
532	528.8	0.4221116	527	529	528	528	528	529	529	529	529	529	529	529	529	529	529
533	529.764	0.4884082	527	530	528	529	529	529	530	530	530	530	530	530	530	530	530
534	530.799	0.4569549	528	531	529	530	530	531	531	531	531	531	531	531	531	531	531
535	531.78	0.4536582	529	532	531	531	531	531	532	532	532	532	532	532	532	532	532
536	532.782	0.4697837	530	533	531	532	532	533	533	533	533	533	533	533	533	533	533
537	533.789	0.4479729	532	534	533	533	533	534	534	534	534	534	534	534	534	534	534
538	534.756	0.5007142	532	535	533	534	534	534	535	535	535	535	535	535	535	535	535
539	535.78	0.4667096	533	536	534	535	535	536	536	536	536	536	536	536	536	536	536
540	536.776	0.4796395	534	537	535	536	536	537	537	537	537	537	537	537	537	537	537
541	537.791	0.4577429	535	538	536	537	537	538	538	538	538	538	538	538	538	538	538
542	538.769	0.4731415	536	539	538	538	538	538	539	539	539	539	539	539	539	539	539
543	539.755	0.4931716	537	540	538	539	539	539	540	540	540	540	540	540	540	540	540
544	540.784	0.4707075	538	541	539	540	540	541	541	541	541	541	541	541	541	541	541
545	541.788	0.4639734	538	542	541	541	541	542	542	542	542	542	542	542	542	542	542
546	542.753	0.4942016	540	543	541	542	542	542	543	543	543	543	543	543	543	543	543
547	543.766	0.4727235	541	544	543	543	543	543	544	544	544	544	544	544	544	544	544
548	544.776	0.4604737	543	545	544	544	544	544	545	545	545	545	545	545	545	545	545
549	545.783	0.4648947	544	546	544	545	545	546	546	546	546	546	546	546	546	546	546
550	546.78	0.4667096	544	547	546	546	546	547	547	547	547	547	547	547	547	547	547
551	547.793	0.4715648	544	548	546	547	547	548	548	548	548	548	548	548	548	548	548
552	548.774	0.4723845	546	549	547	548	548	548	549	549	549	549	549	549	549	549	549
553	549.791	0.4620958	548	550	548	549	549	550	550	550	550	550	550	550	550	550	550
554	550.787	0.4602639	549	551	549	550	550	551	551	551	551	551	551	551	551	551	551
555	551.765	0.4899133	549	552	550	551	551	551	552	552	552	552	552	552	552	552	552
556	552.779	0.4757997	550	553	551	552	552	553	553	553	553	553	553	553	553	553	553
557	553.777	0.4554981	551	554	553	553	553	553	554	554	554	554	554	554	554	554	554
558	554.76	0.4966353	552	555	553	554	554	554	555	555	555	555	555	555	555	555	555
559	555.792	0.4346549	554	556	555	555	555	556	556	556	556	556	556	556	556	556	556
560	556.792	0.4657821	554	557	555	556	556	557	557	557	557	557	557	557	557	557	557
561	557.764	0.4924901	555	558	556	557	557	557	558	558	558	558	558	558	558	558	558
562	558.761	0.492058	556	559	557	558	558	558	559	559	559	559	559	559	559	559	559
563	559.795	0.4462893	557	560	559	559	559	560	560	560	560	560	560	560	560	560	560
564	560.762	0.4975978	558	561	559	560	560	560	561	561	561	561	561	561	561	561	561
565	561.796	0.4478667	559	562	561	561	561	562	562	562	562	562	562	562	562	562	562
566	562.791	0.464257	560	563	561	562	562	563	563	563	563	563	563	563	563	563	563
567	563.768	0.4820876	561	564	562	563	563	563	564	564	564	564	564	564	564	564	564
568	564.747	0.4870608	563	565	563	564	564	564	565	565	565	565	565	565	565	565	565
569	565.791	0.464257	564	566	564	565	565	566	566	566	566	566	566	566	566	566	566
570	566.748	0.5106435	564	567	565	566	566	566	567	567	567	567	567	567	567	567	567
571	567.778	0.4949353	564	568	566	567	567	568	568	568	568	568	568	568	568	568	568
572	568.753	0.4880873	566	569	567	568	568	568	569	569	569	569	569	569	569	569	569
573	569.79	0.4627247	567	570	568	569	569	570	570	570	570	570	570	570	570	570	570
574	570.778	0.4614422	569	571	569	570	570	570	571	571	571	571	571	571	571	571	571
575	571.78	0.4688495	569	572	570	571	571	572	572	572	572	572	572	572	572	572	572
576	572.759	0.4869868	570	573	571	572	572	572	573	573	573	573	573	573	573	573	573
577	573.761	0.4879725	571	574	572	573	573	573	574	574	574	574	574	574	574	574	574
578	574.781	0.4530389	572	575	574	574	574	574	575	575	575	575	575	575	575	575	575
579	575.761	0.4796969	573	576	574	575	575	575	576	576	576	576	576	576	576	576	576
580	576.782	0.4761331	574	577	575	576	576	577	577	577	577	577	577	577	577	577	577
581	577.771	0.4719977	575	578	576	577	577	577	578	578	578	578	578	578	578	578	578
582	578.774	0.4681273	577	579	577	578	578	578	579	579	579	579	579	579	579	579	579
583	579.81	0.4382831	577	580	579	579	579	580	580	580	580	580	580	580	580	580	580
584	580.775	0.4610722	578	581	580	580	580	580	581	581	581	581	581	581	581	581	581
585	581.794	0.4580107	579	582	580	581	581	582	582	582	582	582	582	582	582	582	582
586	582.786	0.4652101	580	583	581	582	582	583	583	583	583	583	583	583	583	583	583
587	583.774	0.4786994	581	584	582	583	583	583	584	584	584	584	584	584	584	584	584
588	584.762	0.4833111	582	585	583	584	584	584	585	585	585	585	585	585	585	585	585
589	585.78	0.4814892	583	586	584	585	585	586	586	586	586	586	586	586	586	586	586
590	586.761	0.492058	583	587	585	586	586	586	587	587	587	587	587	587	587	587	587
591	587.778	0.4867781	585	588	586	587	587	588	588	588	588	588	588	588	588	588	588
592	588.76	0.471829	587	589	587	588	588	588	589	589	589	589	589	589	589	589	589
593	589.798	0.4576084	587	590	588	589	589	590	590	590	590	590	590	590	590	590	590
594	590.748	0.5164908	587	591	589	590	590	590	591	591	591	591	591	591	591	591	591
595	591.794	0.460191	589	592	590	591	591	592	592	592	592	592	592	592	592	592	592
596	592.806	0.4365255	590	593	592	592	592	593	593	593	593	593	593	593	593	593	593
597	593.77	0.4767886	591	594	592	593	593	593	594	594	594	594	594	594	594	594	594
598	594.778	0.4867781	592	595	593	594	594	595	595	595	595	595	595	595	595	595	595
599	595.783	0.4495699	594	596	595	595	595	595	596	596	596	596	596	596	596	596	596
600	596.792	0.463628	594	597	595	596	596	597	597	597	597	597	597	597	597	597	597
601	597.813	0.4338424	595	598	597	597	597	598	598	598	598	598	598	598	598	598	598
602	598.777	0.4706299	596	599	597	598	598	598	599	599	599	599	599	599	599	599	599
603	599.765	0.5040129	597	600	598	599	599	599	600	600	600	600	600	600	600	600	600
604	600.762	0.4770572	598	601	599	600	600	600	601	601	601	601	601	601	601	601	601
605	601.801	0.4467646	600	602	600	601	601	602	602	602	602	602	602	602	602	602	602
606	602.792	0.4482599	600	603	602	602	602	603	603	603	603	603	603	603	603	603	603
607	603.775	0.4843652	600	604	602	603	603	604	604	604	604	604	604	604	604	604	604
608	604.777	0.4748647	601	605	603	604	604	604	605	605	605	605	605	605	605	605	605
609	605.756	0.5066761	603	606	604	605	605	605	606	606	606	606	606	606	606	606	606
610	606.798	0.4554156	604	607	606	606	606	607	607	607	607	607	607	607	607	607	607
611	607.768	0.4820876	605	608	606	607	607	607	608	608	608	608	608	608	608	608	608
612	608.787	0.4710126	606	609	607	608	608	609	609	609	609	609	609	609	609	609	609
613	609.8	0.4429404	608	610	609	609	609	610	610	610	610	610	610	610	610	610	610
614	610.771	0.50677	608	611	609	610	610	611	611	611	611	611	611	611	611	611	611
615	611.787	0.4667428	609	612	610	611	611	612	612	612	612	612	612	612	612	612	612
616	612.773	0.479271	610	613	611	612	612	612	613	613	613	613	613	613	613	613	613
617	613.805	0.4326224	612	614	613	613	613	614	614	614	614	614	614	614	614	614	614
618	614.793	0.4651531	612	615	613	614	614	615	615	615	615	615	615	615	615	615	615
619	615.748	0.4906493	614	616	614	615	615	615	616	616	616	616	616	616	616	616	616
620	616.759	0.4869868	614	617	615	616	616	616	617	617	617	617	617	617	617	617	617
621	617.774	0.4638309	615	618	617	617	617	617	618	618	618	618	618	618	618	618	618
622	618.763	0.4744007	617	619	617	618	618	618	619	619	619	619	619	619	619	619	619
623	619.782	0.4697837	617	620	618	619	619	620	620	620	620	620	620	620	620	620	620
624	620.756	0.4885721	618	621	619	620	620	620	621	621	621	621	621	621	621	621	621
625	621.79	0.4539891	619	622	621	621	621	622	622	622	622	622	622	622	622	622	622
626	622.776	0.4980683	620	623	621	622	622	623	623	623	623	623	623	623	623	623	623
627	623.784	0.4621229	621	624	622	623	623	624	624	624	624	624	624	624	624	624	624
628	624.749	0.4982442	621	625	623	624	624	624	625	625	625	625	625	625	625	625	625
629	625.777	0.4790621	623	626	624	625	625	626	626	626	626	626	626	626	626	626	626
630	626.761	0.5119972	624	627	625	626	626	626	627	627	627	627	627	627	627	627	627
631	627.768	0.4673269	626	628	626	627	627	627	628	628	628	628	628	628	628	628	628
632	628.795	0.45955	626	629	627	628	628	629	629	629	629	629	629	629	629	629	629
633	629.764	0.4863543	626	630	628	629	629	629	630	630	630	630	630	630	630	630	630
634	630.782	0.4655026	628	631	630	630	630	631	631	631	631	631	631	631	631	631	631
635	631.777	0.472752	629	632	630	631	631	632	632	632	632	632	632	632	632	632	632
636	632.787	0.4624336	631	633	631	632	632	633	633	633	633	633	633	633	633	633	633
637	633.756	0.4926527	631	634	632	633	633	633	634	634	634	634	634	634	634	634	634
638	634.737	0.5080247	632	635	633	634	634	634	635	635	635	635	635	635	635	635	635
639	635.79	0.4517788	633	636	635	635	635	636	636	636	636	636	636	636	636	636	636
640	636.771	0.4804059	635	637	635	636	636	636	637	637	637	637	637	637	637	637	637
641	637.777	0.4576904	635	638	637	637	637	637	638	638	638	638	638	638	638	638	638
642	638.767	0.4929036	636	639	637	638	638	638	639	639	639	639	639	639	639	639	639
643	639.771	0.4655919	638	640	638	639	639	639	640	640	640	640	640	640	640	640	640
644	640.789	0.4611851	638	641	640	640	640	641	641	641	641	641	641	641	641	641	641
645	641.791	0.4706809	639	642	640	641	641	642	642	642	642	642	642	642	642	642	642
646	642.771	0.4886694	640	643	641	642	642	642	643	643	643	643	643	643	643	643	643
647	643.772	0.4628501	642	644	643	643	643	643	644	644	644	644	644	644	644	644	644
648	644.747	0.4972306	642	645	643	644	644	644	645	645	645	645	645	645	645	645	645
649	645.773	0.4600899	643	646	645	645	645	645	646	646	646	646	646	646	646	646	646
650	646.777	0.472752	644	647	645	646	646	646	647	647	647	647	647	647	647	647	647
651	647.776	0.4712176	645	648	646	647	647	647	648	648	648	648	648	648	648	648	648
652	648.777	0.483223	646	649	647	648	648	649	649	649	649	649	649	649	649	649	649
653	649.787	0.4558935	648	650	648	649	649	650	650	650	650	650	650	650	650	650	650
654	650.774	0.4681273	648	651	649	650	650	650	651	651	651	651	651	651	651	651	651
655	651.786	0.4587095	650	652	650	651	651	652	652	652	652	652	652	652	652	652	652
656	652.765	0.4732853	650	653	651	652	652	652	653	653	653	653	653	653	653	653	653
657	653.776	0.4940325	650	654	652	653	653	654	654	654	654	654	654	654	654	654	654
658	654.776	0.4899633	652	655	653	654	654	655	655	655	655	655	655	655	655	655	655
659	655.799	0.4458675	654	656	655	655	655	656	656	656	656	656	656	656	656	656	656
660	656.77	0.4788834	654	657	656	656	656	656	657	657	657	657	657	657	657	657	657
661	657.775	0.4610722	656	658	657	657	657	657	658	658	658	658	658	658	658	658	658
662	658.781	0.4485981	656	659	658	658	658	658	659	659	659	659	659	659	659	659	659
663	659.785	0.4527471	658	660	659	659	659	660	660	660	660	660	660	660	660	660	660
664	660.767	0.4888251	658	661	659	660	660	660	661	661	661	661	661	661	661	661	661
665	661.786	0.4758471	659	662	660	661	661	662	662	662	662	662	662	662	662	662	662
666	662.783	0.4734291	660	663	661	662	662	663	663	663	663	663	663	663	663	663	663
667	663.766	0.4852623	661	664	662	663	663	663	664	664	664	664	664	664	664	664	664
668	664.767	0.486773	661	665	663	664	664	664	665	665	665	665	665	665	665	665	665
669	665.798	0.4397606	664	666	665	665	665	666	666	666	666	666	666	666	666	666	666
670	666.774	0.4849321	664	667	665	666	666	667	667	667	667	667	667	667	667	667	667
671	667.784	0.4642839	665	668	666	667	667	668	668	668	668	668	668	668	668	668	668
672	668.788	0.4486170	666	669	668	668	668	669	669	669	669	669	669	669	669	669	669
673	669.778	0.4784819	667	670	668	669	669	670	670	670	670	670	670	670	670	670	670
674	670.799	0.4344972	669	671	670	670	670	671	671	671	671	671	671	671	671	671	671
675	671.817	0.4238994	670	672	671	671	671	672	672	672	672	672	672	672	672	672	672
676	672.771	0.4677369	670	673	672	672	672	672	673	673	673	673	673	673	673	673	673
677	673.779	0.4673087	671	674	672	673	673	674	674	674	674	674	674	674	674	674	674
678	674.776	0.477548	672	675	673	674	674	675	675	675	675	675	675	675	675	675	675
679	675.765	0.4774966	673	676	674	675	675	675	676	676	676	676	676	676	676	676	676
680	676.779	0.4841419	674	677	675	676	676	677	677	677	677	677	677	677	677	677	677
681	677.791	0.4489104	675	678	677	677	677	678	678	678	678	678	678	678	678	678	678
682	678.766	0.4769397	676	679	677	678	678	678	679	679	679	679	679	679	679	679	679
683	679.772	0.4839941	677	680	678	679	679	679	680	680	680	680	680	680	680	680	680
684	680.772	0.454117	679	681	680	680	680	680	681	681	681	681	681	681	681	681	681
685	681.809	0.4297717	680	682	681	681	681	682	682	682	682	682	682	682	682	682	682
686	682.777	0.4748647	680	683	681	682	682	683	683	683	683	683	683	683	683	683	683
687	683.8	0.4562984	681	684	683	683	683	684	684	684	684	684	684	684	684	684	684
688	684.815	0.4300697	683	685	684	684	684	685	685	685	685	685	685	685	685	685	685
689	685.789	0.4568235	683	686	685	685	685	686	686	686	686	686	686	686	686	686	686
690	686.766	0.4893705	684	687	685	686	686	686	687	687	687	687	687	687	687	687	687
691	687.788	0.4574552	685	688	687	687	687	688	688	688	688	688	688	688	688	688	688
692	688.767	0.4969486	686	689	687	688	688	688	689	689	689	689	689	689	689	689	689
693	689.784	0.4511624	688	690	689	689	689	690	690	690	690	690	690	690	690	690	690
694	690.759	0.5011688	688	691	689	690	690	690	691	691	691	691	691	691	691	691	691
695	691.778	0.4700393	689	692	690	691	691	692	692	692	692	692	692	692	692	692	692
696	692.781	0.4767245	690	693	691	692	692	693	693	693	693	693	693	693	693	693	693
697	693.761	0.4900195	691	694	692	693	693	693	694	694	694	694	694	694	694	694	694
698	694.791	0.4620958	692	695	693	694	694	695	695	695	695	695	695	695	695	695	695
699	695.78	0.4752113	693	696	694	695	695	696	696	696	696	696	696	696	696	696	696
700	696.767	0.4805642	693	697	696	696	696	696	697	697	697	697	697	697	697	697	697
701	697.776	0.5000741	693	698	696	697	697	698	698	698	698	698	698	698	698	698	698
702	698.775	0.4739194	696	699	697	698	698	698	699	699	699	699	699	699	699	699	699
703	699.785	0.4743416	697	700	698	699	699	700	700	700	700	700	700	700	700	700	700
704	700.78	0.4876862	697	701	699	700	700	701	701	701	701	701	701	701	701	701	701
705	701.757	0.490093	699	702	700	701	701	701	702	702	702	702	702	702	702	702	702
706	702.767	0.5166991	700	703	701	702	702	703	703	703	703	703	703	703	703	703	703
707	703.79	0.4450821	702	704	703	703	703	704	704	704	704	704	704	704	704	704	704
708	704.784	0.4707075	702	705	703	704	704	705	705	705	705	705	705	705	705	705	705
709	705.77	0.4788834	704	706	704	705	705	705	706	706	706	706	706	706	706	706	706
710	706.805	0.4529682	704	707	705	706	706	707	707	707	707	707	707	707	707	707	707
711	707.785	0.4483034	705	708	707	707	707	707	708	708	708	708	708	708	708	708	708
712	708.766	0.4852623	706	709	707	708	708	708	709	709	709	709	709	709	709	709	709
713	709.776	0.4604737	707	710	709	709	709	709	710	710	710	710	710	710	710	710	710
714	710.766	0.4727235	708	711	710	710	710	710	711	711	711	711	711	711	711	711	711
715	711.767	0.4570776	709	712	711	711	711	711	712	712	712	712	712	712	712	712	712
716	712.771	0.4866167	710	713	711	712	712	712	713	713	713	713	713	713	713	713	713
717	713.78	0.4602302	712	714	712	713	713	713	714	714	714	714	714	714	714	714	714
718	714.766	0.5034853	712	715	713	714	714	714	715	715	715	715	715	715	715	715	715
719	715.789	0.4502018	713	716	715	715	715	716	716	716	716	716	716	716	716	716	716
720	716.769	0.483604	714	717	715	716	716	716	717	717	717	717	717	717	717	717	717
721	717.782	0.4697837	715	718	716	717	717	718	718	718	718	718	718	718	718	718	718
722	718.774	0.4551166	717	719	718	718	718	718	719	719	719	719	719	719	719	719	719
723	719.789	0.4524198	717	720	719	719	719	720	720	720	720	720	720	720	720	720	720
724	720.744	0.5164598	718	721	719	720	720	720	721	721	721	721	721	721	721	721	721
725	721.756	0.4966998	719	722	720	721	721	721	722	722	722	722	722	722	722	722	722
726	722.775	0.4925623	718	723	721	722	722	723	723	723	723	723	723	723	723	723	723
727	723.787	0.4645932	721	724	722	723	723	724	724	724	724	724	724	724	724	724	724
728	724.781	0.463955	723	725	723	724	724	725	725	725	725	725	725	725	725	725	725
729	725.792	0.4592896	723	726	724	725	725	726	726	726	726	726	726	726	726	726	726
730	726.795	0.4372255	724	727	726	726	726	727	727	727	727	727	727	727	727	727	727
731	727.778	0.4721641	725	728	726	727	727	728	728	728	728	728	728	728	728	728	728
732	728.758	0.4895668	725	729	728	728	728	728	729	729	729	729	729	729	729	729	729
733	729.765	0.4753956	727	730	729	729	729	729	730	730	730	730	730	730	730	730	730
734	730.747	0.5130831	727	731	729	730	730	730	731	731	731	731	731	731	731	731	731
735	731.796	0.4296144	730	732	731	731	731	732	732	732	732	732	732	732	732	732	732
736	732.802	0.4549758	730	733	731	732	732	733	733	733	733	733	733	733	733	733	733
737	733.77	0.4767886	731	734	732	733	733	733	734	734	734	734	734	734	734	734	734
738	734.755	0.4870444	733	735	733	734	734	734	735	735	735	735	735	735	735	735	735
739	735.763	0.472286	734	736	734	735	735	735	736	736	736	736	736	736	736	736	736
740	736.773	0.4771778	734	737	735	736	736	736	737	737	737	737	737	737	737	737	737
741	737.769	0.483604	735	738	736	737	737	737	738	738	738	738	738	738	738	738	738
742	738.759	0.4931148	736	739	737	738	738	738	739	739	739	739	739	739	739	739	739
743	739.776	0.4796395	736	740	738	739	739	740	740	740	740	740	740	740	740	740	740
744	740.766	0.4769397	738	741	739	740	740	740	741	741	741	741	741	741	741	741	741
745	741.765	0.4711656	739	742	741	741	741	741	742	742	742	742	742	742	742	742	742
746	742.756	0.4946804	740	743	741	742	742	742	743	743	743	743	743	743	743	743	743
747	743.781	0.4617924	741	744	743	743	743	743	744	744	744	744	744	744	744	744	744
748	744.761	0.4670087	742	745	744	744	744	744	745	745	745	745	745	745	745	745	745
749	745.773	0.4729637	743	746	744	745	745	745	746	746	746	746	746	746	746	746	746
750	746.772	0.4692933	744	747	745	746	746	746	747	747	747	747	747	747	747	747	747
751	747.752	0.4926852	745	748	746	747	747	747	748	748	748	748	748	748	748	748	748
752	748.777	0.4706299	746	749	747	748	748	748	749	749	749	749	749	749	749	749	749
753	749.783	0.4583897	747	750	749	749	749	750	750	750	750	750	750	750	750	750	750
754	750.757	0.5002012	748	751	749	750	750	750	751	751	751	751	751	751	751	751	751
755	751.768	0.4779167	749	752	750	751	751	751	752	752	752	752	752	752	752	752	752
756	752.76	0.4966353	749	753	751	752	752	752	753	753	753	753	753	753	753	753	753
757	753.801	0.4377106	752	754	753	753	753	754	754	754	754	754	754	754	754	754	754
758	754.758	0.4996856	751	755	753	754	754	754	755	755	755	755	755	755	755	755	755
759	755.759	0.5051477	752	756	754	755	755	755	756	756	756	756	756	756	756	756	756
760	756.765	0.4732853	754	757	755	756	756	756	757	757	757	757	757	757	757	757	757
761	757.764	0.4780508	756	758	756	757	757	757	758	758	758	758	758	758	758	758	758
762	758.771	0.4907136	756	759	757	758	758	759	759	759	759	759	759	759	759	759	759
763	759.798	0.4397606	758	760	759	759	759	760	760	760	760	760	760	760	760	760	760
764	760.801	0.4534364	758	761	759	760	760	761	761	761	761	761	761	761	761	761	761
765	761.79	0.4605563	759	762	760	761	761	762	762	762	762	762	762	762	762	762	762
766	762.768	0.4800067	760	763	761	762	762	762	763	763	763	763	763	763	763	763	763
767	763.782	0.4590062	761	764	763	763	763	764	764	764	764	764	764	764	764	764	764
768	764.771	0.4845553	762	765	763	764	764	764	765	765	765	765	765	765	765	765	765
769	765.785	0.465824	763	766	764	765	765	766	766	766	766	766	766	766	766	766	766
770	766.786	0.4694938	763	767	766	766	766	767	767	767	767	767	767	767	767	767	767
771	767.786	0.4737388	764	768	766	767	767	768	768	768	768	768	768	768	768	768	768
772	768.808	0.4464699	766	769	768	768	768	769	769	769	769	769	769	769	769	769	769
773	769.781	0.4552431	768	770	769	769	769	769	770	770	770	770	770	770	770	770	770
774	770.782	0.5027213	768	771	769	770	770	771	771	771	771	771	771	771	771	771	771
775	771.788	0.4682684	769	772	770	771	771	772	772	772	772	772	772	772	772	772	772
776	772.775	0.465394	770	773	772	772	772	772	773	773	773	773	773	773	773	773	773
777	773.763	0.4848361	771	774	773	773	773	773	774	774	774	774	774	774	774	774	774
778	774.777	0.4554981	773	775	774	774	774	774	775	775	775	775	775	775	775	775	775
779	775.77	0.4683154	774	776	774	775	775	775	776	776	776	776	776	776	776	776	776
780	776.756	0.4966998	774	777	775	776	776	776	777	777	777	777	777	777	777	777	777
781	777.791	0.4599245	776	778	776	777	777	778	778	778	778	778	778	778	778	778	778
782	778.793	0.4408462	777	779	778	778	778	779	779	779	779	779	779	779	779	779	779
783	779.782	0.4633473	777	780	779	779	779	780	780	780	780	780	780	780	780	780	780
784	780.755	0.5052032	778	781	779	780	780	780	781	781	781	781	781	781	781	781	781
785	781.785	0.4615062	779	782	780	781	781	782	782	782	782	782	782	782	782	782	782
786	782.781	0.4596197	781	783	781	782	782	783	783	783	783	783	783	783	783	783	783
787	783.778	0.4826479	781	784	782	783	783	784	784	784	784	784	784	784	784	784	784
788	784.744	0.5027094	782	785	783	784	784	784	785	785	785	785	785	785	785	785	785
789	785.787	0.4688826	782	786	784	785	785	786	786	786	786	786	786	786	786	786	786
790	786.812	0.4391456	784	787	786	786	786	787	787	787	787	787	787	787	787	787	787
791	787.807	0.4403918	785	788	787	787	787	788	788	788	788	788	788	788	788	788	788
792	788.793	0.449837	787	789	788	788	788	789	789	789	789	789	789	789	789	789	789
793	789.775	0.4986217	786	790	788	789	789	790	790	790	790	790	790	790	790	790	790
794	790.764	0.4780508	789	791	789	790	790	790	791	791	791	791	791	791	791	791	791
795	791.765	0.4816711	789	792	790	791	791	791	792	792	792	792	792	792	792	792	792
796	792.772	0.4839941	790	793	791	792	792	792	793	793	793	793	793	793	793	793	793
797	793.796	0.4365485	791	794	793	793	793	794	794	794	794	794	794	794	794	794	794
798	794.768	0.4923600	792	795	793	794	794	794	795	795	795	795	795	795	795	795	795
799	795.777	0.472752	793	796	794	795	795	796	796	796	796	796	796	796	796	796	796
800	796.8	0.449669	794	797	796	796	796	797	797	797	797	797	797	797	797	797	797
801	797.762	0.4996054	795	798	796	797	797	797	798	798	798	798	798	798	798	798	798
802	798.751	0.5227545	794	799	797	798	798	798	799	799	799	799	799	799	799	799	799
803	799.763	0.4950516	797	800	798	799	799	799	800	800	800	800	800	800	800	800	800
804	800.78	0.4645598	798	801	799	800	800	801	801	801	801	801	801	801	801	801	801
805	801.771	0.4634369	800	802	801	801	801	801	802	802	802	802	802	802	802	802	802
806	802.801	0.4534364	800	803	801	802	802	803	803	803	803	803	803	803	803	803	803
807	803.783	0.4648947	801	804	802	803	803	804	804	804	804	804	804	804	804	804	804
808	804.782	0.4546237	803	805	804	804	804	804	805	805	805	805	805	805	805	805	805
809	805.789	0.4611851	803	806	804	805	805	806	806	806	806	806	806	806	806	806	806
810	806.791	0.4749153	805	807	805	806	806	807	807	807	807	807	807	807	807	807	807
811	807.781	0.4912029	805	808	806	807	807	808	808	808	808	808	808	808	808	808	808
812	808.792	0.4785028	805	809	807	808	808	809	809	809	809	809	809	809	809	809	809
813	809.775	0.4905259	806	810	808	809	809	810	810	810	810	810	810	810	810	810	810
814	810.768	0.4984219	808	811	809	810	810	810	811	811	811	811	811	811	811	811	811
815	811.717	0.5207516	809	812	810	811	811	811	812	812	812	812	812	812	812	812	812
816	812.795	0.4573666	810	813	812	812	812	813	813	813	813	813	813	813	813	813	813
817	813.815	0.446065	812	814	812	813	813	814	814	814	814	814	814	814	814	814	814
818	814.75	0.5076985	812	815	813	814	814	814	815	815	815	815	815	815	815	815	815
819	815.802	0.4370206	814	816	815	815	815	816	816	816	816	816	816	816	816	816	816
820	816.798	0.4351843	815	817	816	816	816	817	817	817	817	817	817	817	817	817	817
821	817.802	0.4460886	816	818	816	817	817	818	818	818	818	818	818	818	818	818	818
822	818.751	0.4682075	817	819	818	818	818	818	819	819	819	819	819	819	819	819	819
823	819.789	0.4611851	817	820	818	819	819	820	820	820	820	820	820	820	820	820	820
824	820.755	0.5169548	818	821	819	820	820	820	821	821	821	821	821	821	821	821	821
825	821.803	0.4431562	820	822	821	821	821	822	822	822	822	822	822	822	822	822	822
826	822.759	0.4869868	820	823	821	822	822	822	823	823	823	823	823	823	823	823	823
827	823.764	0.4822204	821	824	822	823	823	823	824	824	824	824	824	824	824	824	824
828	824.794	0.4772754	822	825	823	824	824	825	825	825	825	825	825	825	825	825	825
829	825.788	0.4661258	823	826	824	825	825	826	826	826	826	826	826	826	826	826	826
830	826.79	0.4712983	824	827	825	826	826	827	827	827	827	827	827	827	827	827	827
831	827.771	0.4569111	826	828	827	827	827	827	828	828	828	828	828	828	828	828	828
832	828.761	0.4940882	826	829	827	828	828	828	829	829	829	829	829	829	829	829	829
833	829.746	0.4997337	827	830	828	829	829	829	830	830	830	830	830	830	830	830	830
834	830.76	0.5026457	828	831	829	830	830	830	831	831	831	831	831	831	831	831	831
835	831.781	0.4703831	830	832	830	831	831	832	832	832	832	832	832	832	832	832	832
836	832.761	0.4817791	831	833	831	832	832	832	833	833	833	833	833	833	833	833	833
837	833.792	0.4549098	832	834	832	833	833	834	834	834	834	834	834	834	834	834	834
838	834.795	0.439509	833	835	834	834	834	835	835	835	835	835	835	835	835	835	835
839	835.763	0.5010809	833	836	834	835	835	835	836	836	836	836	836	836	836	836	836
840	836.776	0.4899633	834	837	835	836	836	837	837	837	837	837	837	837	837	837	837
841	837.762	0.4874357	835	838	836	837	837	837	838	838	838	838	838	838	838	838	838
842	838.781	0.4682502	837	839	837	838	838	839	839	839	839	839	839	839	839	839	839
843	839.763	0.4765061	837	840	839	839	839	839	840	840	840	840	840	840	840	840	840
844	840.753	0.4942016	838	841	839	840	840	840	841	841	841	841	841	841	841	841	841
845	841.755	0.4972145	838	842	840	841	841	841	842	842	842	842	842	842	842	842	842
846	842.8	0.4714045	840	843	841	842	842	843	843	843	843	843	843	843	843	843	843
847	843.769	0.4688911	841	844	843	843	843	843	844	844	844	844	844	844	844	844	844
848	844.772	0.4756493	842	845	843	844	844	844	845	845	845	845	845	845	845	845	845
849	845.786	0.4608866	843	846	845	845	845	846	846	846	846	846	846	846	846	846	846
850	846.765	0.4878658	845	847	845	846	846	846	847	847	847	847	847	847	847	847	847
851	847.767	0.4847122	846	848	846	847	847	847	848	848	848	848	848	848	848	848	848
852	848.78	0.4835637	845	849	847	848	848	849	849	849	849	849	849	849	849	849	849
853	849.781	0.4788197	847	850	848	849	849	850	850	850	850	850	850	850	850	850	850
854	850.789	0.4611851	848	851	850	850	850	851	851	851	851	851	851	851	851	851	851
855	851.784	0.4791384	850	852	850	851	851	852	852	852	852	852	852	852	852	852	852
856	852.773	0.457909	850	853	852	852	852	852	853	853	853	853	853	853	853	853	853
857	853.758	0.4895668	851	854	852	853	853	853	854	854	854	854	854	854	854	854	854
858	854.776	0.481722	852	855	853	854	854	855	855	855	855	855	855	855	855	855	855
859	855.774	0.4659841	854	856	854	855	855	855	856	856	856	856	856	856	856	856	856
860	856.764	0.4738444	854	857	855	856	856	856	857	857	857	857	857	857	857	857	857
861	857.777	0.4684981	855	858	856	857	857	857	858	858	858	858	858	858	858	858	858
862	858.805	0.4372255	857	859	858	858	858	859	859	859	859	859	859	859	859	859	859
863	859.77	0.4596861	858	860	859	859	859	859	860	860	860	860	860	860	860	860	860
864	860.75	0.505723	858	861	859	860	860	860	861	861	861	861	861	861	861	861	861
865	861.788	0.4596382	859	862	860	861	861	862	862	862	862	862	862	862	862	862	862
866	862.798	0.4442898	861	863	862	862	862	863	863	863	863	863	863	863	863	863	863
867	863.772	0.4839941	860	864	862	863	863	863	864	864	864	864	864	864	864	864	864
868	864.781	0.4682502	862	865	863	864	864	865	865	865	865	865	865	865	865	865	865
869	865.789	0.4366574	864	866	865	865	865	866	866	866	866	866	866	866	866	866	866
870	866.79	0.4495577	864	867	866	866	866	867	867	867	867	867	867	867	867	867	867
871	867.782	0.4655026	865	868	867	867	867	868	868	868	868	868	868	868	868	868	868
872	868.774	0.4766038	865	869	868	868	868	868	869	869	869	869	869	869	869	869	869
873	869.773	0.4750755	867	870	868	869	869	869	870	870	870	870	870	870	870	870	870
874	870.767	0.4847122	868	871	869	870	870	870	871	871	871	871	871	871	871	871	871
875	871.777	0.4852901	869	872	870	871	871	872	872	872	872	872	872	872	872	872	872
876	872.775	0.4456159	871	873	872	872	872	872	873	873	873	873	873	873	873	873	873
877	873.817	0.4215314	871	874	873	873	873	874	874	874	874	874	874	874	874	874	874
878	874.773	0.4916429	872	875	873	874	874	875	875	875	875	875	875	875	875	875	875
879	875.774	0.4828635	872	876	874	875	875	875	876	876	876	876	876	876	876	876	876
880	876.787	0.4580839	874	877	876	876	876	877	877	877	877	877	877	877	877	877	877
881	877.781	0.4809057	874	878	876	877	877	878	878	878	878	878	878	878	878	878	878
882	878.783	0.4648947	876	879	877	878	878	879	879	879	879	879	879	879	879	879	879
883	879.781	0.4725064	877	880	878	879	879	880	880	880	880	880	880	880	880	880	880
884	880.796	0.461082	879	881	879	880	880	881	881	881	881	881	881	881	881	881	881
885	881.767	0.4826427	879	882	880	881	881	881	882	882	882	882	882	882	882	882	882
886	882.797	0.4404373	881	883	882	882	882	883	883	883	883	883	883	883	883	883	883
887	883.771	0.4762203	881	884	882	883	883	883	884	884	884	884	884	884	884	884	884
888	884.781	0.450824	883	885	884	884	884	884	885	885	885	885	885	885	885	885	885
889	885.776	0.4796395	883	886	884	885	885	886	886	886	886	886	886	886	886	886	886
890	886.807	0.4471588	884	887	886	886	886	887	887	887	887	887	887	887	887	887	887
891	887.758	0.4916072	885	888	886	887	887	887	888	888	888	888	888	888	888	888	888
892	888.756	0.5106121	886	889	887	888	888	888	889	889	889	889	889	889	889	889	889
893	889.78	0.4794057	887	890	888	889	889	890	890	890	890	890	890	890	890	890	890
894	890.793	0.4542657	889	891	889	890	890	891	891	891	891	891	891	891	891	891	891
895	891.781	0.4850508	889	892	890	891	891	892	892	892	892	892	892	892	892	892	892
896	892.766	0.4663276	890	893	892	892	892	892	893	893	893	893	893	893	893	893	893
897	893.78	0.4752113	891	894	892	893	893	894	894	894	894	894	894	894	894	894	894
898	894.802	0.4370206	891	895	894	894	894	895	895	895	895	895	895	895	895	895	895
899	895.792	0.4504874	893	896	895	895	895	896	896	896	896	896	896	896	896	896	896
900	896.811	0.4421250	894	897	896	896	896	897	897	897	897	897	897	897	897	897	897
901	897.779	0.4564727	895	898	897	897	897	897	898	898	898	898	898	898	898	898	898
902	898.76	0.4885065	896	899	897	898	898	898	899	899	899	899	899	899	899	899	899
903	899.757	0.4961826	897	900	898	899	899	899	900	900	900	900	900	900	900	900	900
904	900.798	0.4532123	898	901	899	900	900	901	901	901	901	901	901	901	901	901	901
905	901.744	0.5203218	898	902	900	901	901	901	902	902	902	902	902	902	902	902	902
906	902.773	0.4896026	899	903	901	902	902	903	903	903	903	903	903	903	903	903	903
907	903.756	0.4906167	901	904	902	903	903	903	904	904	904	904	904	904	904	904	904
908	904.781	0.4746201	902	905	903	904	904	905	905	905	905	905	905	905	905	905	905
909	905.788	0.4486170	903	906	905	905	905	906	906	906	906	906	906	906	906	906	906
910	906.772	0.4819214	904	907	905	906	906	906	907	907	907	907	907	907	907	907	907
911	907.809	0.4250879	906	908	907	907	907	908	908	908	908	908	908	908	908	908	908
912	908.762	0.4791509	907	909	907	908	908	908	909	909	909	909	909	909	909	909	909
913	909.778	0.4826479	906	910	908	909	909	910	910	910	910	910	910	910	910	910	910
914	910.792	0.4437713	909	911	910	910	910	911	911	911	911	911	911	911	911	911	911
915	911.758	0.4895668	909	912	910	911	911	911	912	912	912	912	912	912	912	912	912
916	912.768	0.4608561	910	913	912	912	912	912	913	913	913	913	913	913	913	913	913
917	913.775	0.4696761	910	914	913	913	913	913	914	914	914	914	914	914	914	914	914
918	914.792	0.452704	913	915	913	914	914	915	915	915	915	915	915	915	915	915	915
919	915.773	0.4771778	913	916	914	915	915	915	916	916	916	916	916	916	916	916	916
920	916.775	0.4567095	915	917	916	916	916	916	917	917	917	917	917	917	917	917	917
921	917.785	0.4701021	915	918	916	917	917	918	918	918	918	918	918	918	918	918	918
922	918.759	0.5051477	916	919	917	918	918	918	919	919	919	919	919	919	919	919	919
923	919.755	0.4911377	917	920	918	919	919	919	920	920	920	920	920	920	920	920	920
924	920.782	0.4655026	918	921	919	920	920	921	921	921	921	921	921	921	921	921	921
925	921.759	0.4971581	919	922	920	921	921	921	922	922	922	922	922	922	922	922	922
926	922.786	0.4431708	920	923	922	922	922	922	923	923	923	923	923	923	923	923	923
927	923.794	0.4356073	922	924	923	923	923	924	924	924	924	924	924	924	924	924	924
928	924.772	0.4692933	922	925	924	924	924	924	925	925	925	925	925	925	925	925	925
929	925.773	0.4687117	924	926	924	925	925	925	926	926	926	926	926	926	926	926	926
930	926.799	0.4390806	925	927	926	926	926	927	927	927	927	927	927	927	927	927	927
931	927.778	0.4742794	925	928	926	927	927	928	928	928	928	928	928	928	928	928	928
932	928.782	0.4655026	926	929	928	928	928	929	929	929	929	929	929	929	929	929	929
933	929.773	0.5017198	926	930	928	929	929	930	930	930	930	930	930	930	930	930	930
934	930.78	0.4856293	928	931	929	930	930	931	931	931	931	931	931	931	931	931	931
935	931.765	0.4980191	929	932	930	931	931	931	932	932	932	932	932	932	932	932	932
936	932.772	0.4777491	931	933	931	932	932	932	933	933	933	933	933	933	933	933	933
937	933.768	0.4800067	931	934	932	933	933	933	934	934	934	934	934	934	934	934	934
938	934.775	0.4966101	931	935	933	934	934	935	935	935	935	935	935	935	935	935	935
939	935.771	0.4741137	933	936	934	935	935	935	936	936	936	936	936	936	936	936	936
940	936.779	0.4882596	934	937	935	936	936	937	937	937	937	937	937	937	937	937	937
941	937.777	0.476968	935	938	936	937	937	938	938	938	938	938	938	938	938	938	938
942	938.767	0.4784767	936	939	937	938	938	938	939	939	939	939	939	939	939	939	939
943	939.784	0.4685761	937	940	938	939	939	940	940	940	940	940	940	940	940	940	940
944	940.791	0.4533481	939	941	939	940	940	941	941	941	941	941	941	941	941	941	941
945	941.761	0.4859168	939	942	940	941	941	941	942	942	942	942	942	942	942	942	942
946	942.768	0.5004262	940	943	941	942	942	942	943	943	943	943	943	943	943	943	943
947	943.774	0.4659841	941	944	943	943	943	943	944	944	944	944	944	944	944	944	944
948	944.747	0.5012407	942	945	943	944	944	944	945	945	945	945	945	945	945	945	945
949	945.792	0.452704	943	946	945	945	945	946	946	946	946	946	946	946	946	946	946
950	946.751	0.5227545	944	947	945	946	946	946	947	947	947	947	947	947	947	947	947
951	947.775	0.4610722	946	948	947	947	947	947	948	948	948	948	948	948	948	948	948
952	948.782	0.4719096	946	949	947	948	948	949	949	949	949	949	949	949	949	949	949
953	949.793	0.4586517	947	950	949	949	949	950	950	950	950	950	950	950	950	950	950
954	950.773	0.4936747	947	951	949	950	950	951	951	951	951	951	951	951	951	951	951
955	951.796	0.4296144	950	952	951	951	951	952	952	952	952	952	952	952	952	952	952
956	952.79	0.4583777	950	953	951	952	952	953	953	953	953	953	953	953	953	953	953
957	953.781	0.4871101	951	954	952	953	953	954	954	954	954	954	954	954	954	954	954
958	954.779	0.4736912	952	955	953	954	954	955	955	955	955	955	955	955	955	955	955
959	955.783	0.4562007	954	956	955	955	955	956	956	956	956	956	956	956	956	956	956
960	956.784	0.4770446	953	957	956	956	956	957	957	957	957	957	957	957	957	957	957
961	957.799	0.4228212	956	958	957	957	957	958	958	958	958	958	958	958	958	958	958
962	958.783	0.4627366	956	959	957	958	958	959	959	959	959	959	959	959	959	959	959
963	959.773	0.4750755	957	960	958	959	959	959	960	960	960	960	960	960	960	960	960
964	960.797	0.4582587	958	961	959	960	960	961	961	961	961	961	961	961	961	961	961
965	961.763	0.4889479	959	962	960	961	961	961	962	962	962	962	962	962	962	962	962
966	962.8	0.4474374	960	963	962	962	962	963	963	963	963	963	963	963	963	963	963
967	963.779	0.4651617	961	964	963	963	963	963	964	964	964	964	964	964	964	964	964
968	964.775	0.4718025	962	965	963	964	964	964	965	965	965	965	965	965	965	965	965
969	965.769	0.4710211	964	966	964	965	965	965	966	966	966	966	966	966	966	966	966
970	966.767	0.4657552	964	967	966	966	966	966	967	967	967	967	967	967	967	967	967
971	967.784	0.4489382	965	968	967	967	967	967	968	968	968	968	968	968	968	968	968
972	968.772	0.4606824	966	969	968	968	968	968	969	969	969	969	969	969	969	969	969
973	969.783	0.4583897	968	970	968	969	969	970	970	970	970	970	970	970	970	970	970
974	970.771	0.4886694	968	971	969	970	970	971	971	971	971	971	971	971	971	971	971
975	971.802	0.4438389	969	972	971	971	971	972	972	972	972	972	972	972	972	972	972
976	972.795	0.45955	970	973	971	972	972	973	973	973	973	973	973	973	973	973	973
977	973.786	0.4431708	972	974	973	973	973	973	974	974	974	974	974	974	974	974	974
978	974.79	0.4539891	972	975	974	974	974	975	975	975	975	975	975	975	975	975	975
979	975.772	0.4628501	973	976	975	975	975	975	976	976	976	976	976	976	976	976	976
980	976.8	0.4671383	974	977	975	976	976	977	977	977	977	977	977	977	977	977	977
981	977.803	0.4408916	976	978	977	977	977	978	978	978	978	978	978	978	978	978	978
982	978.763	0.4848361	976	979	977	978	978	978	979	979	979	979	979	979	979	979	979
983	979.755	0.4911377	977	980	978	979	979	979	980	980	980	980	980	980	980	980	980
984	980.768	0.4715913	978	981	979	980	980	980	981	981	981	981	981	981	981	981	981
985	981.768	0.4862226	979	982	980	981	981	981	982	982	982	982	982	982	982	982	982
986	982.784	0.4555783	980	983	982	982	982	983	983	983	983	983	983	983	983	983	983
987	983.788	0.4725244	981	984	982	983	983	984	984	984	984	984	984	984	984	984	984
988	984.749	0.4819038	982	985	983	984	984	984	985	985	985	985	985	985	985	985	985
989	985.749	0.5042353	983	986	984	985	985	985	986	986	986	986	986	986	986	986	986
990	986.798	0.4487732	984	987	986	986	986	987	987	987	987	987	987	987	987	987	987
991	987.76	0.4781513	985	988	986	987	987	987	988	988	988	988	988	988	988	988	988
992	988.765	0.4795884	986	989	987	988	988	988	989	989	989	989	989	989	989	989	989
993	989.777	0.5015202	986	990	988	989	989	990	990	990	990	990	990	990	990	990	990
994	990.767	0.4929036	988	991	989	990	990	990	991	991	991	991	991	991	991	991	991
995	991.787	0.4794381	988	992	990	991	991	992	992	992	992	992	992	992	992	992	992
996	992.78	0.4773131	990	993	991	992	992	993	993	993	993	993	993	993	993	993	993
997	993.771	0.4804059	991	994	992	993	993	993	994	994	994	994	994	994	994	994	994
998	994.781	0.4767245	992	995	993	994	994	995	995	995	995	995	995	995	995	995	995
999	995.819	0.4271082	993	996	995	995	995	996	996	996	996	996	996	996	996	996	996
1000	996.763	0.4970695	994	997	995	996	996	996	997	997	997	997	997	997	997	997	997
