n	avg	sd	min	max	0.02	0.05	0.1	0.2	0.3	0.4	0.5	0.6	0.7	0.8	0.9	0.95	0.97
4	1.617	0.6104782	0	2	0	0	1	1	1	2	2	2	2	2	2	2	2
5	2.628	0.6049644	0	3	1	1	2	2	2	3	3	3	3	3	3	3	3
6	3.667	0.597049	1	4	2	3	3	3	4	4	4	4	4	4	4	4	4
7	4.698	0.5823531	1	5	3	4	4	4	5	5	5	5	5	5	5	5	5
8	5.715	0.5604365	2	6	4	5	5	5	6	6	6	6	6	6	6	6	6
9	6.665	0.6189977	3	7	5	5	6	6	7	7	7	7	7	7	7	7	7
10	7.74	0.5483618	4	8	6	7	7	7	8	8	8	8	8	8	8	8	8
11	8.735	0.52254	6	9	7	8	8	8	9	9	9	9	9	9	9	9	9
12	9.75	0.5076985	6	10	8	9	9	9	10	10	10	10	10	10	10	10	10
13	10.781	0.4972789	8	11	9	10	10	11	11	11	11	11	11	11	11	11	11
14	11.776	0.4837955	9	12	10	11	11	12	12	12	12	12	12	12	12	12	12
15	12.746	0.5017327	10	13	11	12	12	12	13	13	13	13	13	13	13	13	13
16	13.772	0.4982612	11	14	12	13	13	14	14	14	14	14	14	14	14	14	14
17	14.772	0.4777491	13	15	13	14	14	14	15	15	15	15	15	15	15	15	15
18	15.786	0.4779461	13	16	14	15	15	16	16	16	16	16	16	16	16	16	16
19	16.746	0.4936879	14	17	15	16	16	16	17	17	17	17	17	17	17	17	17
20	17.761	0.4940882	15	18	16	17	17	17	18	18	18	18	18	18	18	18	18
21	18.771	0.4804059	16	19	17	18	18	18	19	19	19	19	19	19	19	19	19
22	19.771	0.4907136	17	20	18	19	19	20	20	20	20	20	20	20	20	20	20
23	20.778	0.4679048	18	21	20	20	20	20	21	21	21	21	21	21	21	21	21
24	21.751	0.4931959	20	22	20	21	21	21	22	22	22	22	22	22	22	22	22
25	22.786	0.4652101	21	23	21	22	22	23	23	23	23	23	23	23	23	23	23
26	23.756	0.4885721	21	24	22	23	23	23	24	24	24	24	24	24	24	24	24
27	24.764	0.4759522	23	25	23	24	24	24	25	25	25	25	25	25	25	25	25
28	25.742	0.511564	24	26	24	25	25	25	26	26	26	26	26	26	26	26	26
29	26.771	0.4866167	24	27	25	26	26	26	27	27	27	27	27	27	27	27	27
30	27.777	0.4706299	25	28	26	27	27	27	28	28	28	28	28	28	28	28	28
31	28.76	0.4966353	26	29	27	28	28	28	29	29	29	29	29	29	29	29	29
32	29.787	0.4645932	27	30	29	29	29	30	30	30	30	30	30	30	30	30	30
33	30.789	0.4676513	29	31	29	30	30	31	31	31	31	31	31	31	31	31	31
34	31.759	0.4951405	29	32	30	31	31	31	32	32	32	32	32	32	32	32	32
35	32.752	0.5106435	30	33	31	32	32	32	33	33	33	33	33	33	33	33	33
36	33.776	0.4754472	31	34	32	33	33	34	34	34	34	34	34	34	34	34	34
37	34.809	0.4435265	32	35	34	34	34	35	35	35	35	35	35	35	35	35	35
38	35.787	0.4558935	34	36	34	35	35	36	36	36	36	36	36	36	36	36	36
39	36.763	0.5090089	34	37	35	36	36	36	37	37	37	37	37	37	37	37	37
40	37.758	0.4916072	35	38	36	37	37	37	38	38	38	38	38	38	38	38	38
41	38.784	0.4511624	37	39	38	38	38	39	39	39	39	39	39	39	39	39	39
42	39.763	0.4950516	37	40	38	39	39	39	40	40	40	40	40	40	40	40	40
43	40.802	0.4527704	38	41	39	40	40	41	41	41	41	41	41	41	41	41	41
44	41.762	0.4935581	39	42	40	41	41	41	42	42	42	42	42	42	42	42	42
45	42.751	0.4931959	40	43	41	42	42	42	43	43	43	43	43	43	43	43	43
46	43.743	0.507157	40	44	42	43	43	43	44	44	44	44	44	44	44	44	44
47	44.756	0.4761205	43	45	43	44	44	44	45	45	45	45	45	45	45	45	45
48	45.776	0.4516946	44	46	45	45	45	45	46	46	46	46	46	46	46	46	46
49	46.794	0.4514064	45	47	45	46	46	47	47	47	47	47	47	47	47	47	47
50	47.767	0.4742741	45	48	46	47	47	47	48	48	48	48	48	48	48	48	48
51	48.8	0.4756324	46	49	47	48	48	49	49	49	49	49	49	49	49	49	49
52	49.791	0.4511347	48	50	49	49	49	50	50	50	50	50	50	50	50	50	50
53	50.805	0.4303024	49	51	50	50	50	51	51	51	51	51	51	51	51	51	51
54	51.764	0.4588186	50	52	51	51	51	51	52	52	52	52	52	52	52	52	52
55	52.759	0.4786942	50	53	51	52	52	52	53	53	53	53	53	53	53	53	53
56	53.791	0.4533481	51	54	53	53	53	54	54	54	54	54	54	54	54	54	54
57	54.788	0.4661258	52	55	53	54	54	55	55	55	55	55	55	55	55	55	55
58	55.734	0.5094149	53	56	54	55	55	55	56	56	56	56	56	56	56	56	56
59	56.781	0.4617924	55	57	55	56	56	57	57	57	57	57	57	57	57	57	57
60	57.786	0.4737388	55	58	56	57	57	58	58	58	58	58	58	58	58	58	58
61	58.746	0.5057072	56	59	57	58	58	58	59	59	59	59	59	59	59	59	59
62	59.766	0.495469	57	60	58	59	59	59	60	60	60	60	60	60	60	60	60
63	60.76	0.4739458	59	61	59	60	60	60	61	61	61	61	61	61	61	61	61
64	61.786	0.4587095	59	62	61	61	61	62	62	62	62	62	62	62	62	62	62
65	62.796	0.4632479	60	63	61	62	62	63	63	63	63	63	63	63	63	63	63
66	63.767	0.5147582	60	64	62	63	63	64	64	64	64	64	64	64	64	64	64
67	64.767	0.4614368	63	65	64	64	64	64	65	65	65	65	65	65	65	65	65
68	65.766	0.4684693	64	66	64	65	65	65	66	66	66	66	66	66	66	66	66
69	66.773	0.479271	64	67	65	66	66	66	67	67	67	67	67	67	67	67	67
70	67.797	0.4604378	65	68	67	67	67	68	68	68	68	68	68	68	68	68	68
71	68.755	0.4911377	65	69	67	68	68	68	69	69	69	69	69	69	69	69	69
72	69.805	0.4303024	68	70	69	69	69	70	70	70	70	70	70	70	70	70	70
73	70.779	0.4608377	68	71	70	70	70	70	71	71	71	71	71	71	71	71	71
74	71.795	0.4372255	70	72	71	71	71	72	72	72	72	72	72	72	72	72	72
75	72.782	0.4740261	70	73	71	72	72	73	73	73	73	73	73	73	73	73	73
76	73.772	0.4921974	70	74	72	73	73	74	74	74	74	74	74	74	74	74	74
77	74.771	0.4677369	73	75	73	74	74	74	75	75	75	75	75	75	75	75	75
78	75.778	0.500966	73	76	74	75	75	76	76	76	76	76	76	76	76	76	76
79	76.777	0.4706299	75	77	75	76	76	77	77	77	77	77	77	77	77	77	77
80	77.768	0.4862226	75	78	76	77	77	77	78	78	78	78	78	78	78	78	78
81	78.769	0.4998889	75	79	77	78	78	78	79	79	79	79	79	79	79	79	79
82	79.759	0.4931148	77	80	78	79	79	79	80	80	80	80	80	80	80	80	80
83	80.762	0.5055805	77	81	79	80	80	80	81	81	81	81	81	81	81	81	81
84	81.761	0.4940882	79	82	80	81	81	81	82	82	82	82	82	82	82	82	82
85	82.79	0.4539891	81	83	81	82	82	83	83	83	83	83	83	83	83	83	83
86	83.783	0.467043	81	84	82	83	83	84	84	84	84	84	84	84	84	84	84
87	84.791	0.4577429	82	85	84	84	84	85	85	85	85	85	85	85	85	85	85
88	85.758	0.4875179	83	86	84	85	85	85	86	86	86	86	86	86	86	86	86
89	86.796	0.4632479	84	87	85	86	86	87	87	87	87	87	87	87	87	87	87
90	87.772	0.4777491	85	88	86	87	87	87	88	88	88	88	88	88	88	88	88
91	88.796	0.4500962	86	89	88	88	88	89	89	89	89	89	89	89	89	89	89
92	89.788	0.4530577	87	90	89	89	89	90	90	90	90	90	90	90	90	90	90
93	90.748	0.5047284	88	91	89	90	90	90	91	91	91	91	91	91	91	91	91
94	91.778	0.4805694	89	92	90	91	91	92	92	92	92	92	92	92	92	92	92
95	92.77	0.4932984	90	93	91	92	92	93	93	93	93	93	93	93	93	93	93
96	93.794	0.4401792	92	94	93	93	93	94	94	94	94	94	94	94	94	94	94
97	94.799	0.4436167	93	95	94	94	94	95	95	95	95	95	95	95	95	95	95
98	95.772	0.4756493	93	96	95	95	95	95	96	96	96	96	96	96	96	96	96
99	96.792	0.4826686	93	97	95	96	96	97	97	97	97	97	97	97	97	97	97
100	97.787	0.4536924	96	98	97	97	97	98	98	98	98	98	98	98	98	98	98
101	98.767	0.5069201	96	99	97	98	98	99	99	99	99	99	99	99	99	99	99
102	99.788	0.4618109	97	100	98	99	99	100	100	100	100	100	100	100	100	100	100
103	100.774	0.4849321	98	101	99	100	100	101	101	101	101	101	101	101	101	101	101
104	101.777	0.4684981	99	102	101	101	101	101	102	102	102	102	102	102	102	102	102
105	102.761	0.4879725	101	103	101	102	102	102	103	103	103	103	103	103	103	103	103
106	103.777	0.4598722	102	104	103	103	103	103	104	104	104	104	104	104	104	104	104
107	104.778	0.4592678	103	105	104	104	104	104	105	105	105	105	105	105	105	105	105
108	105.774	0.4828635	103	106	104	105	105	106	106	106	106	106	106	106	106	106	106
109	106.775	0.4760269	104	107	105	106	106	106	107	107	107	107	107	107	107	107	107
110	107.763	0.4786022	105	108	106	107	107	107	108	108	108	108	108	108	108	108	108
111	108.743	0.5012008	106	109	107	108	108	108	109	109	109	109	109	109	109	109	109
112	109.773	0.479271	107	110	108	109	109	109	110	110	110	110	110	110	110	110	110
113	110.777	0.4532951	109	111	110	110	110	110	111	111	111	111	111	111	111	111	111
114	111.785	0.4636701	110	112	110	111	111	112	112	112	112	112	112	112	112	112	112
115	112.798	0.442031	111	113	112	112	112	113	113	113	113	113	113	113	113	113	113
116	113.77	0.4809692	111	114	112	113	113	113	114	114	114	114	114	114	114	114	114
117	114.78	0.4667096	112	115	114	114	114	115	115	115	115	115	115	115	115	115	115
118	115.765	0.4919523	113	116	114	115	115	115	116	116	116	116	116	116	116	116	116
119	116.774	0.4744988	114	117	115	116	116	116	117	117	117	117	117	117	117	117	117
120	117.766	0.4748363	115	118	117	117	117	117	118	118	118	118	118	118	118	118	118
121	118.765	0.4668972	116	119	118	118	118	118	119	119	119	119	119	119	119	119	119
122	119.764	0.4863543	116	120	118	119	119	119	120	120	120	120	120	120	120	120	120
123	120.778	0.4700393	118	121	119	120	120	120	121	121	121	121	121	121	121	121	121
124	121.785	0.4593321	119	122	121	121	121	122	122	122	122	122	122	122	122	122	122
125	122.767	0.4826427	120	123	121	122	122	122	123	123	123	123	123	123	123	123	123
126	123.779	0.4778989	121	124	122	123	123	124	124	124	124	124	124	124	124	124	124
127	124.748	0.5027412	122	125	123	124	124	124	125	125	125	125	125	125	125	125	125
128	125.792	0.457105	123	126	125	125	125	126	126	126	126	126	126	126	126	126	126
129	126.776	0.481722	123	127	125	126	126	126	127	127	127	127	127	127	127	127	127
130	127.784	0.4489382	125	128	127	127	127	127	128	128	128	128	128	128	128	128	128
131	128.734	0.5054696	126	129	127	128	128	128	129	129	129	129	129	129	129	129	129
132	129.767	0.4826427	127	130	128	129	129	129	130	130	130	130	130	130	130	130	130
133	130.766	0.4831951	128	131	129	130	130	130	131	131	131	131	131	131	131	131	131
134	131.762	0.4955821	128	132	130	131	131	131	132	132	132	132	132	132	132	132	132
135	132.797	0.428923	131	133	132	132	132	133	133	133	133	133	133	133	133	133	133
136	133.751	0.4931959	131	134	132	133	133	133	134	134	134	134	134	134	134	134	134
137	134.76	0.4760532	132	135	133	134	134	134	135	135	135	135	135	135	135	135	135
138	135.783	0.4734291	133	136	134	135	135	136	136	136	136	136	136	136	136	136	136
139	136.775	0.4739194	134	137	136	136	136	136	137	137	137	137	137	137	137	137	137
140	137.769	0.4978824	135	138	136	137	137	138	138	138	138	138	138	138	138	138	138
141	138.78	0.4709796	136	139	137	138	138	139	139	139	139	139	139	139	139	139	139
142	139.765	0.4858096	137	140	138	139	139	139	140	140	140	140	140	140	140	140	140
143	140.778	0.4614422	138	141	140	140	140	140	141	141	141	141	141	141	141	141	141
144	141.772	0.4839941	139	142	140	141	141	141	142	142	142	142	142	142	142	142	142
145	142.754	0.4977266	140	143	141	142	142	142	143	143	143	143	143	143	143	143	143
146	143.788	0.4767424	141	144	142	143	143	144	144	144	144	144	144	144	144	144	144
147	144.785	0.4593321	142	145	144	144	144	145	145	145	145	145	145	145	145	145	145
148	145.793	0.456464	143	146	144	145	145	146	146	146	146	146	146	146	146	146	146
149	146.794	0.4424475	145	147	146	146	146	147	147	147	147	147	147	147	147	147	147
150	147.776	0.477548	145	148	146	147	147	147	148	148	148	148	148	148	148	148	148
151	148.77	0.4767886	147	149	147	148	148	148	149	149	149	149	149	149	149	149	149
152	149.796	0.4456261	147	150	149	149	149	150	150	150	150	150	150	150	150	150	150
153	150.748	0.4967321	148	151	149	150	150	150	151	151	151	151	151	151	151	151	151
154	151.771	0.4845553	149	152	150	151	151	151	152	152	152	152	152	152	152	152	152
155	152.775	0.465394	150	153	152	152	152	152	153	153	153	153	153	153	153	153	153
156	153.791	0.4330202	152	154	153	153	153	154	154	154	154	154	154	154	154	154	154
157	154.759	0.4702554	152	155	154	154	154	154	155	155	155	155	155	155	155	155	155
158	155.81	0.431377	153	156	155	155	155	156	156	156	156	156	156	156	156	156	156
159	156.77	0.4851137	154	157	155	156	156	156	157	157	157	157	157	157	157	157	157
160	157.794	0.4514064	155	158	157	157	157	158	158	158	158	158	158	158	158	158	158
161	158.792	0.4592896	156	159	157	158	158	159	159	159	159	159	159	159	159	159	159
162	159.787	0.4645932	157	160	158	159	159	160	160	160	160	160	160	160	160	160	160
163	160.784	0.4685761	158	161	160	160	160	161	161	161	161	161	161	161	161	161	161
164	161.778	0.4700393	159	162	160	161	161	161	162	162	162	162	162	162	162	162	162
165	162.765	0.4625894	161	163	162	162	162	162	163	163	163	163	163	163	163	163	163
166	163.756	0.4926527	161	164	162	163	163	163	164	164	164	164	164	164	164	164	164
167	164.76	0.4905514	162	165	163	164	164	164	165	165	165	165	165	165	165	165	165
168	165.772	0.4921974	163	166	164	165	165	166	166	166	166	166	166	166	166	166	166
169	166.778	0.4700393	164	167	165	166	166	167	167	167	167	167	167	167	167	167	167
170	167.764	0.4985505	165	168	166	167	167	167	168	168	168	168	168	168	168	168	168
171	168.787	0.4688826	167	169	167	168	168	169	169	169	169	169	169	169	169	169	169
172	169.778	0.4636064	167	170	169	169	169	169	170	170	170	170	170	170	170	170	170
173	170.79	0.4517788	168	171	170	170	170	171	171	171	171	171	171	171	171	171	171
174	171.754	0.5017327	169	172	170	171	171	171	172	172	172	172	172	172	172	172	172
175	172.803	0.4293895	171	173	172	172	172	173	173	173	173	173	173	173	173	173	173
176	173.792	0.4549098	171	174	173	173	173	174	174	174	174	174	174	174	174	174	174
177	174.749	0.5101561	172	175	173	174	174	174	175	175	175	175	175	175	175	175	175
178	175.773	0.4687117	173	176	175	175	175	175	176	176	176	176	176	176	176	176	176
179	176.758	0.4813187	174	177	175	176	176	176	177	177	177	177	177	177	177	177	177
180	177.797	0.4604378	175	178	177	177	177	178	178	178	178	178	178	178	178	178	178
181	178.765	0.4960051	176	179	177	178	178	178	179	179	179	179	179	179	179	179	179
182	179.772	0.4942269	176	180	178	179	179	180	180	180	180	180	180	180	180	180	180
183	180.777	0.4684981	178	181	179	180	180	180	181	181	181	181	181	181	181	181	181
184	181.79	0.4776276	179	182	180	181	181	182	182	182	182	182	182	182	182	182	182
185	182.805	0.4279698	180	183	182	182	182	183	183	183	183	183	183	183	183	183	183
186	183.785	0.4615062	181	184	183	183	183	184	184	184	184	184	184	184	184	184	184
187	184.754	0.5057072	182	185	183	184	184	184	185	185	185	185	185	185	185	185	185
188	185.805	0.4372255	184	186	185	185	185	186	186	186	186	186	186	186	186	186	186
189	186.768	0.4841595	184	187	185	186	186	186	187	187	187	187	187	187	187	187	187
190	187.758	0.4750386	185	188	187	187	187	187	188	188	188	188	188	188	188	188	188
191	188.775	0.4696761	186	189	188	188	188	188	189	189	189	189	189	189	189	189	189
192	189.753	0.5042274	187	190	188	189	189	189	190	190	190	190	190	190	190	190	190
193	190.752	0.4967321	189	191	189	190	190	190	191	191	191	191	191	191	191	191	191
194	191.776	0.477548	189	192	190	191	191	191	192	192	192	192	192	192	192	192	192
195	192.768	0.4923600	190	193	191	192	192	192	193	193	193	193	193	193	193	193	193
196	193.787	0.475244	191	194	192	193	193	194	194	194	194	194	194	194	194	194	194
197	194.785	0.4868388	192	195	193	194	194	195	195	195	195	195	195	195	195	195	195
198	195.763	0.4827671	193	196	194	195	195	195	196	196	196	196	196	196	196	196	196
199	196.753	0.5022382	194	197	195	196	196	196	197	197	197	197	197	197	197	197	197
200	197.765	0.4795884	195	198	196	197	197	197	198	198	198	198	198	198	198	198	198
201	198.767	0.4989589	196	199	197	198	198	198	199	199	199	199	199	199	199	199	199
202	199.772	0.4735401	197	200	198	199	199	199	200	200	200	200	200	200	200	200	200
203	200.771	0.4845553	198	201	199	200	200	200	201	201	201	201	201	201	201	201	201
204	201.799	0.4481069	200	202	200	201	201	202	202	202	202	202	202	202	202	202	202
205	202.759	0.489038	199	203	202	202	202	202	203	203	203	203	203	203	203	203	203
206	203.785	0.4701021	202	204	202	203	203	204	204	204	204	204	204	204	204	204	204
207	204.776	0.4582947	202	205	204	204	204	204	205	205	205	205	205	205	205	205	205
208	205.784	0.4555783	203	206	205	205	205	206	206	206	206	206	206	206	206	206	206
209	206.759	0.4807808	204	207	205	206	206	206	207	207	207	207	207	207	207	207	207
210	207.78	0.4624001	205	208	207	207	207	207	208	208	208	208	208	208	208	208	208
211	208.799	0.4481069	205	209	208	208	208	209	209	209	209	209	209	209	209	209	209
212	209.79	0.4561887	208	210	208	209	209	210	210	210	210	210	210	210	210	210	210
213	210.762	0.4935581	208	211	209	210	210	210	211	211	211	211	211	211	211	211	211
214	211.8	0.4429404	210	212	211	211	211	212	212	212	212	212	212	212	212	212	212
215	212.755	0.4870444	211	213	211	212	212	212	213	213	213	213	213	213	213	213	213
216	213.768	0.4964095	210	214	212	213	213	213	214	214	214	214	214	214	214	214	214
217	214.754	0.4977266	212	215	213	214	214	214	215	215	215	215	215	215	215	215	215
218	215.758	0.4771411	213	216	214	215	215	215	216	216	216	216	216	216	216	216	216
219	216.77	0.470448	215	217	215	216	216	216	217	217	217	217	217	217	217	217	217
220	217.787	0.4558935	215	218	217	217	217	218	218	218	218	218	218	218	218	218	218
221	218.77	0.4746844	216	219	217	218	218	218	219	219	219	219	219	219	219	219	219
222	219.772	0.488113	217	220	218	219	219	219	220	220	220	220	220	220	220	220	220
223	220.81	0.431377	219	221	220	220	220	221	221	221	221	221	221	221	221	221	221
224	221.797	0.4427042	220	222	221	221	221	222	222	222	222	222	222	222	222	222	222
225	222.779	0.4757997	220	223	221	222	222	223	223	223	223	223	223	223	223	223	223
226	223.8	0.449669	221	224	223	223	223	224	224	224	224	224	224	224	224	224	224
227	224.776	0.4754472	222	225	223	224	224	224	225	225	225	225	225	225	225	225	225
228	225.774	0.4890431	222	226	224	225	225	226	226	226	226	226	226	226	226	226	226
229	226.775	0.4739194	224	227	226	226	226	226	227	227	227	227	227	227	227	227	227
230	227.773	0.4750755	225	228	226	227	227	227	228	228	228	228	228	228	228	228	228
231	228.774	0.5011738	224	229	227	228	228	229	229	229	229	229	229	229	229	229	229
232	229.795	0.4462893	227	230	229	229	229	230	230	230	230	230	230	230	230	230	230
233	230.754	0.5096506	228	231	229	230	230	230	231	231	231	231	231	231	231	231	231
234	231.782	0.4761331	229	232	230	231	231	232	232	232	232	232	232	232	232	232	232
235	232.773	0.479271	230	233	231	232	232	232	233	233	233	233	233	233	233	233	233
236	233.791	0.4664081	231	234	232	233	233	234	234	234	234	234	234	234	234	234	234
237	234.771	0.4845553	232	235	233	234	234	234	235	235	235	235	235	235	235	235	235
238	235.794	0.4558199	233	236	234	235	235	236	236	236	236	236	236	236	236	236	236
239	236.797	0.4582587	234	237	235	236	236	237	237	237	237	237	237	237	237	237	237
240	237.768	0.4820876	235	238	236	237	237	237	238	238	238	238	238	238	238	238	238
241	238.797	0.4560691	236	239	237	238	238	239	239	239	239	239	239	239	239	239	239
242	239.764	0.4945185	237	240	238	239	239	239	240	240	240	240	240	240	240	240	240
243	240.763	0.4827671	238	241	239	240	240	240	241	241	241	241	241	241	241	241	241
244	241.778	0.4614422	239	242	241	241	241	241	242	242	242	242	242	242	242	242	242
245	242.79	0.4517788	240	243	242	242	242	243	243	243	243	243	243	243	243	243	243
246	243.748	0.4906493	241	244	242	243	243	243	244	244	244	244	244	244	244	244	244
247	244.744	0.486519	242	245	243	244	244	244	245	245	245	245	245	245	245	245	245
248	245.776	0.4690885	243	246	245	245	245	245	246	246	246	246	246	246	246	246	246
249	246.788	0.4704012	244	247	245	246	246	247	247	247	247	247	247	247	247	247	247
250	247.765	0.4899133	245	248	246	247	247	247	248	248	248	248	248	248	248	248	248
251	248.769	0.4815297	246	249	247	248	248	248	249	249	249	249	249	249	249	249	249
252	249.785	0.4593321	247	250	249	249	249	250	250	250	250	250	250	250	250	250	250
253	250.803	0.4386153	248	251	250	250	250	251	251	251	251	251	251	251	251	251	251
254	251.761	0.4733953	250	252	250	251	251	251	252	252	252	252	252	252	252	252	252
255	252.77	0.491265	247	253	252	252	252	252	253	253	253	253	253	253	253	253	253
256	253.782	0.4719096	250	254	253	253	253	254	254	254	254	254	254	254	254	254	254
257	254.762	0.489485	252	255	253	254	254	254	255	255	255	255	255	255	255	255	255
258	255.769	0.4794464	253	256	254	255	255	255	256	256	256	256	256	256	256	256	256
259	256.78	0.4688495	254	257	255	256	256	257	257	257	257	257	257	257	257	257	257
260	257.782	0.4611818	255	258	257	257	257	258	258	258	258	258	258	258	258	258	258
261	258.762	0.4874357	257	259	257	258	258	258	259	259	259	259	259	259	259	259	259
262	259.777	0.4598722	257	260	259	259	259	259	260	260	260	260	260	260	260	260	260
263	260.791	0.4533481	258	261	260	260	260	261	261	261	261	261	261	261	261	261	261
264	261.797	0.4582587	259	262	261	261	261	262	262	262	262	262	262	262	262	262	262
265	262.782	0.4655026	261	263	261	262	262	263	263	263	263	263	263	263	263	263	263
266	263.77	0.5112351	260	264	262	263	263	264	264	264	264	264	264	264	264	264	264
267	264.786	0.4630534	263	265	263	264	264	265	265	265	265	265	265	265	265	265	265
268	265.78	0.4602302	264	266	264	265	265	265	266	266	266	266	266	266	266	266	266
269	266.779	0.4903054	262	267	265	266	266	267	267	267	267	267	267	267	267	267	267
270	267.753	0.4901339	265	268	266	267	267	267	268	268	268	268	268	268	268	268	268
271	268.747	0.5032338	267	269	267	268	268	268	269	269	269	269	269	269	269	269	269
272	269.735	0.5109169	267	270	268	269	269	269	270	270	270	270	270	270	270	270	270
273	270.786	0.4565221	268	271	270	270	270	271	271	271	271	271	271	271	271	271	271
274	271.761	0.4981236	269	272	270	271	271	271	272	272	272	272	272	272	272	272	272
275	272.762	0.472842	271	273	271	272	272	272	273	273	273	273	273	273	273	273	273
276	273.762	0.4996054	271	274	272	273	273	273	274	274	274	274	274	274	274	274	274
277	274.804	0.4514286	272	275	273	274	274	275	275	275	275	275	275	275	275	275	275
278	275.771	0.4783177	273	276	274	275	275	275	276	276	276	276	276	276	276	276	276
279	276.767	0.4826427	274	277	275	276	276	276	277	277	277	277	277	277	277	277	277
280	277.797	0.4472035	276	278	277	277	277	278	278	278	278	278	278	278	278	278	278
281	278.786	0.4652101	276	279	277	278	278	279	279	279	279	279	279	279	279	279	279
282	279.759	0.4807808	277	280	278	279	279	279	280	280	280	280	280	280	280	280	280
283	280.768	0.5024226	278	281	279	280	280	281	281	281	281	281	281	281	281	281	281
284	281.785	0.4549527	279	282	281	281	281	282	282	282	282	282	282	282	282	282	282
285	282.768	0.4841595	280	283	282	282	282	282	283	283	283	283	283	283	283	283	283
286	283.774	0.4744988	281	284	282	283	283	283	284	284	284	284	284	284	284	284	284
287	284.781	0.463955	282	285	283	284	284	285	285	285	285	285	285	285	285	285	285
288	285.832	0.4242122	283	286	285	285	285	286	286	286	286	286	286	286	286	286	286
289	286.783	0.467043	284	287	285	286	286	287	287	287	287	287	287	287	287	287	287
290	287.78	0.4752113	286	288	286	287	287	288	288	288	288	288	288	288	288	288	288
291	288.773	0.4977135	285	289	287	288	288	289	289	289	289	289	289	289	289	289	289
292	289.786	0.4716211	287	290	288	289	289	290	290	290	290	290	290	290	290	290	290
293	290.766	0.5113761	288	291	289	290	290	291	291	291	291	291	291	291	291	291	291
294	291.763	0.4889479	289	292	290	291	291	291	292	292	292	292	292	292	292	292	292
295	292.796	0.4523147	291	293	291	292	292	293	293	293	293	293	293	293	293	293	293
296	293.795	0.4462893	291	294	293	293	293	294	294	294	294	294	294	294	294	294	294
297	294.793	0.443111	292	295	294	294	294	295	295	295	295	295	295	295	295	295	295
298	295.779	0.4651617	293	296	294	295	295	295	296	296	296	296	296	296	296	296	296
299	296.76	0.4823201	294	297	295	296	296	296	297	297	297	297	297	297	297	297	297
300	297.801	0.4399916	295	298	297	297	297	298	298	298	298	298	298	298	298	298	298
301	298.744	0.5183944	296	299	297	298	298	298	299	299	299	299	299	299	299	299	299
302	299.754	0.4813686	298	300	298	299	299	299	300	300	300	300	300	300	300	300	300
303	300.779	0.4586604	299	301	300	300	300	300	301	301	301	301	301	301	301	301	301
304	301.766	0.4769397	299	302	300	301	301	301	302	302	302	302	302	302	302	302	302
305	302.749	0.5140654	300	303	301	302	302	302	303	303	303	303	303	303	303	303	303
306	303.811	0.4236254	302	304	303	303	303	304	304	304	304	304	304	304	304	304	304
307	304.792	0.463628	301	305	304	304	304	305	305	305	305	305	305	305	305	305	305
308	305.755	0.4808391	303	306	304	305	305	305	306	306	306	306	306	306	306	306	306
309	306.791	0.4664081	304	307	305	306	306	307	307	307	307	307	307	307	307	307	307
310	307.783	0.4605683	305	308	307	307	307	308	308	308	308	308	308	308	308	308	308
311	308.783	0.4540012	306	309	308	308	308	308	309	309	309	309	309	309	309	309	309
312	309.796	0.4478667	307	310	309	309	309	310	310	310	310	310	310	310	310	310	310
313	310.799	0.4458675	309	311	310	310	310	311	311	311	311	311	311	311	311	311	311
314	311.766	0.4974852	309	312	310	311	311	311	312	312	312	312	312	312	312	312	312
315	312.767	0.4678995	310	313	312	312	312	312	313	313	313	313	313	313	313	313	313
316	313.78	0.4752113	311	314	312	313	313	314	314	314	314	314	314	314	314	314	314
317	314.794	0.4751734	312	315	313	314	314	315	315	315	315	315	315	315	315	315	315
318	315.791	0.4706809	313	316	315	315	315	316	316	316	316	316	316	316	316	316	316
319	316.75	0.4875836	314	317	315	316	316	316	317	317	317	317	317	317	317	317	317
320	317.781	0.4574366	316	318	317	317	317	317	318	318	318	318	318	318	318	318	318
321	318.784	0.4728293	316	319	317	318	318	319	319	319	319	319	319	319	319	319	319
322	319.781	0.4972789	316	320	318	319	319	320	320	320	320	320	320	320	320	320	320
323	320.79	0.4670312	318	321	319	320	320	321	321	321	321	321	321	321	321	321	321
324	321.806	0.4566975	319	322	320	321	321	322	322	322	322	322	322	322	322	322	322
325	322.794	0.460191	320	323	321	322	322	323	323	323	323	323	323	323	323	323	323
326	323.781	0.4552431	321	324	323	323	323	323	324	324	324	324	324	324	324	324	324
327	324.796	0.4567194	322	325	323	324	324	325	325	325	325	325	325	325	325	325	325
328	325.793	0.4453643	322	326	325	325	325	326	326	326	326	326	326	326	326	326	326
329	326.794	0.466671	324	327	326	326	326	327	327	327	327	327	327	327	327	327	327
330	327.791	0.4791123	325	328	326	327	327	328	328	328	328	328	328	328	328	328	328
331	328.793	0.443111	326	329	328	328	328	329	329	329	329	329	329	329	329	329	329
332	329.747	0.4972306	327	330	328	329	329	329	330	330	330	330	330	330	330	330	330
333	330.78	0.4514463	328	331	330	330	330	330	331	331	331	331	331	331	331	331	331
334	331.786	0.4737388	329	332	330	331	331	332	332	332	332	332	332	332	332	332	332
335	332.798	0.4509982	330	333	332	332	332	333	333	333	333	333	333	333	333	333	333
336	333.765	0.4711656	332	334	332	333	333	333	334	334	334	334	334	334	334	334	334
337	334.791	0.4489104	333	335	334	334	334	335	335	335	335	335	335	335	335	335	335
338	335.776	0.4754472	333	336	334	335	335	336	336	336	336	336	336	336	336	336	336
339	336.787	0.4710126	334	337	335	336	336	337	337	337	337	337	337	337	337	337	337
340	337.771	0.4655919	335	338	337	337	337	337	338	338	338	338	338	338	338	338	338
341	338.777	0.4684981	336	339	338	338	338	338	339	339	339	339	339	339	339	339	339
342	339.77	0.4871728	337	340	338	339	339	339	340	340	340	340	340	340	340	340	340
343	340.797	0.4494363	339	341	339	340	340	341	341	341	341	341	341	341	341	341	341
344	341.803	0.4408916	339	342	341	341	341	342	342	342	342	342	342	342	342	342	342
345	342.793	0.449837	340	343	342	342	342	343	343	343	343	343	343	343	343	343	343
346	343.75	0.4855262	342	344	342	343	343	343	344	344	344	344	344	344	344	344	344
347	344.752	0.4906493	342	345	343	344	344	344	345	345	345	345	345	345	345	345	345
348	345.779	0.4630047	343	346	345	345	345	345	346	346	346	346	346	346	346	346	346
349	346.776	0.4858601	344	347	345	346	346	347	347	347	347	347	347	347	347	347	347
350	347.773	0.479271	345	348	346	347	347	347	348	348	348	348	348	348	348	348	348
351	348.776	0.4754472	346	349	347	348	348	349	349	349	349	349	349	349	349	349	349
352	349.767	0.4888251	347	350	348	349	349	349	350	350	350	350	350	350	350	350	350
353	350.791	0.4555508	348	351	350	350	350	351	351	351	351	351	351	351	351	351	351
354	351.767	0.4908686	349	352	350	351	351	351	352	352	352	352	352	352	352	352	352
355	352.786	0.4716211	350	353	351	352	352	353	353	353	353	353	353	353	353	353	353
356	353.781	0.4682502	351	354	352	353	353	354	354	354	354	354	354	354	354	354	354
357	354.776	0.4733371	352	355	353	354	354	354	355	355	355	355	355	355	355	355	355
358	355.787	0.4514807	353	356	355	355	355	356	356	356	356	356	356	356	356	356	356
359	356.767	0.4678995	354	357	356	356	356	356	357	357	357	357	357	357	357	357	357
360	357.77	0.4830459	355	358	356	357	357	357	358	358	358	358	358	358	358	358	358
361	358.78	0.4752113	356	359	358	358	358	359	359	359	359	359	359	359	359	359	359
362	359.773	0.4687117	357	360	358	359	359	359	360	360	360	360	360	360	360	360	360
363	360.777	0.4706299	358	361	360	360	360	360	361	361	361	361	361	361	361	361	361
364	361.778	0.4826479	360	362	360	361	361	362	362	362	362	362	362	362	362	362	362
365	362.76	0.4802402	360	363	361	362	362	362	363	363	363	363	363	363	363	363	363
366	363.772	0.4819214	361	364	362	363	363	363	364	364	364	364	364	364	364	364	364
367	364.784	0.4511624	363	365	364	364	364	365	365	365	365	365	365	365	365	365	365
368	365.762	0.4812355	363	366	364	365	365	365	366	366	366	366	366	366	366	366	366
369	366.788	0.4618109	365	367	365	366	366	367	367	367	367	367	367	367	367	367	367
370	367.754	0.4834436	366	368	366	367	367	367	368	368	368	368	368	368	368	368	368
371	368.769	0.483604	366	369	367	368	368	368	369	369	369	369	369	369	369	369	369
372	369.774	0.4786994	367	370	368	369	369	369	370	370	370	370	370	370	370	370	370
373	370.77	0.4973403	368	371	369	370	370	370	371	371	371	371	371	371	371	371	371
374	371.77	0.4809692	368	372	370	371	371	371	372	372	372	372	372	372	372	372	372
375	372.778	0.4742794	370	373	371	372	372	373	373	373	373	373	373	373	373	373	373
376	373.779	0.4498459	371	374	373	373	373	373	374	374	374	374	374	374	374	374	374
377	374.756	0.4966998	372	375	373	374	374	374	375	375	375	375	375	375	375	375	375
378	375.799	0.4413545	374	376	375	375	375	376	376	376	376	376	376	376	376	376	376
379	376.769	0.4731415	374	377	375	376	376	376	377	377	377	377	377	377	377	377	377
380	377.794	0.4623611	375	378	376	377	377	378	378	378	378	378	378	378	378	378	378
381	378.782	0.4697837	375	379	378	378	378	379	379	379	379	379	379	379	379	379	379
382	379.782	0.4803194	377	380	378	379	379	380	380	380	380	380	380	380	380	380	380
383	380.775	0.4760269	378	381	379	380	380	380	381	381	381	381	381	381	381	381	381
384	381.763	0.4950516	379	382	380	381	381	381	382	382	382	382	382	382	382	382	382
385	382.79	0.4428274	381	383	382	382	382	383	383	383	383	383	383	383	383	383	383
386	383.767	0.4805642	381	384	382	383	383	383	384	384	384	384	384	384	384	384	384
387	384.779	0.4715733	383	385	383	384	384	385	385	385	385	385	385	385	385	385	385
388	385.799	0.4390806	384	386	385	385	385	386	386	386	386	386	386	386	386	386	386
389	386.77	0.4746844	384	387	385	386	386	386	387	387	387	387	387	387	387	387	387
390	387.777	0.4642052	384	388	387	387	387	387	388	388	388	388	388	388	388	388	388
391	388.781	0.4617924	386	389	388	388	388	388	389	389	389	389	389	389	389	389	389
392	389.782	0.4803194	387	390	388	389	389	390	390	390	390	390	390	390	390	390	390
393	390.763	0.4744007	388	391	389	390	390	390	391	391	391	391	391	391	391	391	391
394	391.778	0.4679048	390	392	390	391	391	392	392	392	392	392	392	392	392	392	392
395	392.758	0.4895668	389	393	391	392	392	392	393	393	393	393	393	393	393	393	393
396	393.78	0.4688495	391	394	392	393	393	394	394	394	394	394	394	394	394	394	394
397	394.765	0.4816711	392	395	393	394	394	394	395	395	395	395	395	395	395	395	395
398	395.785	0.4806308	392	396	394	395	395	396	396	396	396	396	396	396	396	396	396
399	396.757	0.4859909	395	397	395	396	396	396	397	397	397	397	397	397	397	397	397
400	397.768	0.4694639	395	398	397	397	397	397	398	398	398	398	398	398	398	398	398
401	398.754	0.4834436	396	399	397	398	398	398	399	399	399	399	399	399	399	399	399
402	399.799	0.4656349	397	400	398	399	399	400	400	400	400	400	400	400	400	400	400
403	400.785	0.4722266	397	401	400	400	400	401	401	401	401	401	401	401	401	401	401
404	401.758	0.5016848	399	402	400	401	401	401	402	402	402	402	402	402	402	402	402
405	402.784	0.4642839	400	403	401	402	402	403	403	403	403	403	403	403	403	403	403
406	403.765	0.4878658	400	404	402	403	403	403	404	404	404	404	404	404	404	404	404
407	404.775	0.4632382	402	405	404	404	404	404	405	405	405	405	405	405	405	405	405
408	405.792	0.4592896	403	406	405	405	405	406	406	406	406	406	406	406	406	406	406
409	406.753	0.4942016	404	407	405	406	406	406	407	407	407	407	407	407	407	407	407
410	407.761	0.49611	405	408	406	407	407	407	408	408	408	408	408	408	408	408	408
411	408.769	0.4667514	407	409	407	408	408	408	409	409	409	409	409	409	409	409	409
412	409.77	0.4830459	407	410	408	409	409	409	410	410	410	410	410	410	410	410	410
413	410.765	0.4711656	408	411	410	410	410	410	411	411	411	411	411	411	411	411	411
414	411.768	0.4862226	408	412	410	411	411	411	412	412	412	412	412	412	412	412	412
415	412.773	0.4834301	410	413	411	412	412	412	413	413	413	413	413	413	413	413	413
416	413.783	0.47131	411	414	412	413	413	414	414	414	414	414	414	414	414	414	414
417	414.783	0.467043	412	415	413	414	414	415	415	415	415	415	415	415	415	415	415
418	415.792	0.4743005	413	416	414	415	415	416	416	416	416	416	416	416	416	416	416
419	416.768	0.4903228	414	417	415	416	416	416	417	417	417	417	417	417	417	417	417
420	417.761	0.4879725	415	418	416	417	417	417	418	418	418	418	418	418	418	418	418
421	418.731	0.5185633	415	419	417	418	418	418	419	419	419	419	419	419	419	419	419
422	419.781	0.4829827	417	420	418	419	419	420	420	420	420	420	420	420	420	420	420
423	420.786	0.4587095	419	421	419	420	420	421	421	421	421	421	421	421	421	421	421
424	421.767	0.4826427	419	422	420	421	421	421	422	422	422	422	422	422	422	422	422
425	422.786	0.4758471	420	423	421	422	422	423	423	423	423	423	423	423	423	423	423
426	423.787	0.4710126	421	424	422	423	423	424	424	424	424	424	424	424	424	424	424
427	424.758	0.4936392	423	425	423	424	424	424	425	425	425	425	425	425	425	425	425
428	425.783	0.4691813	423	426	425	425	425	426	426	426	426	426	426	426	426	426	426
429	426.794	0.4558199	424	427	425	426	426	427	427	427	427	427	427	427	427	427	427
430	427.765	0.4858096	425	428	426	427	427	427	428	428	428	428	428	428	428	428	428
431	428.74	0.508585	426	429	427	428	428	428	429	429	429	429	429	429	429	429	429
432	429.758	0.513517	427	430	428	429	429	429	430	430	430	430	430	430	430	430	430
433	430.764	0.4884082	428	431	429	430	430	430	431	431	431	431	431	431	431	431	431
434	431.76	0.4946157	430	432	430	431	431	431	432	432	432	432	432	432	432	432	432
435	432.787	0.4710126	430	433	431	432	432	433	433	433	433	433	433	433	433	433	433
436	433.773	0.4708425	431	434	432	433	433	433	434	434	434	434	434	434	434	434	434
437	434.777	0.4620438	432	435	434	434	434	434	435	435	435	435	435	435	435	435	435
438	435.759	0.4828583	434	436	434	435	435	435	436	436	436	436	436	436	436	436	436
439	436.781	0.4552431	434	437	436	436	436	436	437	437	437	437	437	437	437	437	437
440	437.78	0.4773131	435	438	436	437	437	438	438	438	438	438	438	438	438	438	438
441	438.767	0.47638	436	439	437	438	438	438	439	439	439	439	439	439	439	439	439
442	439.799	0.4503352	438	440	438	439	439	440	440	440	440	440	440	440	440	440	440
443	440.783	0.4562007	438	441	440	440	440	440	441	441	441	441	441	441	441	441	441
444	441.755	0.4870444	440	442	440	441	441	441	442	442	442	442	442	442	442	442	442
445	442.743	0.4931472	441	443	441	442	442	442	443	443	443	443	443	443	443	443	443
446	443.783	0.4776391	441	444	442	443	443	444	444	444	444	444	444	444	444	444	444
447	444.749	0.5062166	442	445	443	444	444	444	445	445	445	445	445	445	445	445	445
448	445.815	0.4346999	443	446	445	445	445	446	446	446	446	446	446	446	446	446	446
449	446.767	0.486773	444	447	445	446	446	446	447	447	447	447	447	447	447	447	447
450	447.766	0.4663276	446	448	447	447	447	447	448	448	448	448	448	448	448	448	448
451	448.763	0.4786022	446	449	447	448	448	448	449	449	449	449	449	449	449	449	449
452	449.803	0.4431562	448	450	449	449	449	450	450	450	450	450	450	450	450	450	450
453	450.78	0.4602302	448	451	450	450	450	450	451	451	451	451	451	451	451	451	451
454	451.791	0.4511347	450	452	451	451	451	452	452	452	452	452	452	452	452	452	452
455	452.798	0.4305594	451	453	452	452	452	453	453	453	453	453	453	453	453	453	453
456	453.78	0.4624001	451	454	453	453	453	453	454	454	454	454	454	454	454	454	454
457	454.763	0.4990792	452	455	453	454	454	454	455	455	455	455	455	455	455	455	455
458	455.771	0.4927492	453	456	454	455	455	456	456	456	456	456	456	456	456	456	456
459	456.753	0.5022382	454	457	455	456	456	456	457	457	457	457	457	457	457	457	457
460	457.794	0.4514064	455	458	457	457	457	458	458	458	458	458	458	458	458	458	458
461	458.791	0.4399006	457	459	458	458	458	459	459	459	459	459	459	459	459	459	459
462	459.778	0.4504652	458	460	459	459	459	459	460	460	460	460	460	460	460	460	460
463	460.792	0.452704	458	461	460	460	460	461	461	461	461	461	461	461	461	461	461
464	461.793	0.460829	459	462	460	461	461	462	462	462	462	462	462	462	462	462	462
465	462.781	0.4829827	460	463	461	462	462	463	463	463	463	463	463	463	463	463	463
466	463.755	0.4972145	461	464	462	463	463	463	464	464	464	464	464	464	464	464	464
467	464.793	0.4694373	462	465	463	464	464	465	465	465	465	465	465	465	465	465	465
468	465.766	0.4974852	463	466	464	465	465	465	466	466	466	466	466	466	466	466	466
469	466.784	0.4621229	464	467	465	466	466	467	467	467	467	467	467	467	467	467	467
470	467.769	0.4710211	465	468	466	467	467	467	468	468	468	468	468	468	468	468	468
471	468.763	0.4806892	466	469	468	468	468	468	469	469	469	469	469	469	469	469	469
472	469.773	0.4771778	467	470	468	469	469	469	470	470	470	470	470	470	470	470	470
473	470.785	0.4549527	469	471	470	470	470	471	471	471	471	471	471	471	471	471	471
474	471.758	0.5036762	469	472	470	471	471	471	472	472	472	472	472	472	472	472	472
475	472.773	0.4875538	470	473	471	472	472	473	473	473	473	473	473	473	473	473	473
476	473.775	0.4739194	471	474	472	473	473	473	474	474	474	474	474	474	474	474	474
477	474.781	0.4574366	472	475	474	474	474	474	475	475	475	475	475	475	475	475	475
478	475.778	0.4700393	473	476	474	475	475	476	476	476	476	476	476	476	476	476	476
479	476.788	0.4704012	474	477	475	476	476	477	477	477	477	477	477	477	477	477	477
480	477.809	0.4274362	475	478	477	477	477	478	478	478	478	478	478	478	478	478	478
481	478.761	0.4817791	476	479	477	478	478	478	479	479	479	479	479	479	479	479	479
482	479.778	0.4548878	478	480	479	479	479	479	480	480	480	480	480	480	480	480	480
483	480.782	0.4719096	478	481	479	480	480	481	481	481	481	481	481	481	481	481	481
484	481.784	0.4577702	479	482	481	481	481	482	482	482	482	482	482	482	482	482	482
485	482.771	0.4677369	481	483	481	482	482	482	483	483	483	483	483	483	483	483	483
486	483.79	0.4691696	481	484	482	483	483	484	484	484	484	484	484	484	484	484	484
487	484.775	0.4843652	482	485	483	484	484	485	485	485	485	485	485	485	485	485	485
488	485.75	0.5116266	483	486	484	485	485	485	486	486	486	486	486	486	486	486	486
489	486.805	0.4529682	484	487	485	486	486	487	487	487	487	487	487	487	487	487	487
490	487.773	0.4771778	485	488	486	487	487	487	488	488	488	488	488	488	488	488	488
491	488.771	0.4783177	486	489	487	488	488	488	489	489	489	489	489	489	489	489	489
492	489.788	0.4486170	488	490	489	489	489	490	490	490	490	490	490	490	490	490	490
493	490.766	0.4831951	488	491	489	490	490	490	491	491	491	491	491	491	491	491	491
494	491.79	0.4583777	489	492	491	491	491	492	492	492	492	492	492	492	492	492	492
495	492.773	0.4750755	490	493	491	492	492	492	493	493	493	493	493	493	493	493	493
496	493.797	0.4690533	491	494	492	493	493	494	494	494	494	494	494	494	494	494	494
497	494.772	0.5002662	492	495	493	494	494	495	495	495	495	495	495	495	495	495	495
498	495.776	0.4690885	493	496	494	495	495	495	496	496	496	496	496	496	496	496	496
499	496.809	0.4320946	494	497	496	496	496	497	497	497	497	497	497	497	497	497	497
500	497.755	0.4890953	495	498	496	497	497	497	498	498	498	498	498	498	498	498	498
501	498.793	0.4586517	497	499	497	498	498	499	499	499	499	499	499	499	499	499	499
502	499.777	0.4620438	497	500	499	499	499	499	500	500	500	500	500	500	500	500	500
503	500.783	0.4797303	498	501	499	500	500	501	501	501	501	501	501	501	501	501	501
504	501.804	0.4447266	500	502	500	501	501	502	502	502	502	502	502	502	502	502	502
505	502.763	0.4744007	500	503	501	502	502	502	503	503	503	503	503	503	503	503	503
506	503.76	0.4823201	501	504	502	503	503	503	504	504	504	504	504	504	504	504	504
507	504.8	0.4429404	503	505	504	504	504	505	505	505	505	505	505	505	505	505	505
508	505.778	0.4742794	503	506	504	505	505	506	506	506	506	506	506	506	506	506	506
509	506.747	0.5378478	503	507	505	506	506	506	507	507	507	507	507	507	507	507	507
510	507.769	0.4897743	504	508	506	507	507	507	508	508	508	508	508	508	508	508	508
511	508.788	0.444132	507	509	508	508	508	509	509	509	509	509	509	509	509	509	509
512	509.772	0.4839941	507	510	508	509	509	509	510	510	510	510	510	510	510	510	510
513	510.784	0.4621229	508	511	509	510	510	511	511	511	511	511	511	511	511	511	511
514	511.759	0.4951405	509	512	510	511	511	511	512	512	512	512	512	512	512	512	512
515	512.779	0.4736912	510	513	511	512	512	513	513	513	513	513	513	513	513	513	513
516	513.781	0.4574366	511	514	513	513	513	513	514	514	514	514	514	514	514	514	514
517	514.778	0.4721641	512	515	513	514	514	515	515	515	515	515	515	515	515	515	515
518	515.761	0.4879725	512	516	514	515	515	515	516	516	516	516	516	516	516	516	516
519	516.767	0.4678995	514	517	516	516	516	516	517	517	517	517	517	517	517	517	517
520	517.776	0.4604737	516	518	517	517	517	517	518	518	518	518	518	518	518	518	518
521	518.785	0.465824	516	519	517	518	518	519	519	519	519	519	519	519	519	519	519
522	519.794	0.4514064	517	520	519	519	519	520	520	520	520	520	520	520	520	520	520
523	520.775	0.4632382	518	521	520	520	520	520	521	521	521	521	521	521	521	521	521
524	521.789	0.4590095	520	522	520	521	521	522	522	522	522	522	522	522	522	522	522
525	522.777	0.5035122	519	523	521	522	522	523	523	523	523	523	523	523	523	523	523
526	523.788	0.4704012	521	524	522	523	523	524	524	524	524	524	524	524	524	524	524
527	524.793	0.4651531	521	525	524	524	524	525	525	525	525	525	525	525	525	525	525
528	525.779	0.4715733	523	526	524	525	525	526	526	526	526	526	526	526	526	526	526
529	526.755	0.4992236	524	527	525	526	526	526	527	527	527	527	527	527	527	527	527
530	527.798	0.4305594	526	528	527	527	527	528	528	528	528	528	528	528	528	528	528
531	528.775	0.4739194	526	529	527	528	528	528	529	529	529	529	529	529	529	529	529
532	529.775	0.4781251	527	530	528	529	529	529	530	530	530	530	530	530	530	530	530
533	530.794	0.4401792	529	531	530	530	530	531	531	531	531	531	531	531	531	531	531
534	531.77	0.4973403	529	532	530	531	531	531	532	532	532	532	532	532	532	532	532
535	532.769	0.4918139	530	533	531	532	532	532	533	533	533	533	533	533	533	533	533
536	533.782	0.467648	531	534	532	533	533	534	534	534	534	534	534	534	534	534	534
537	534.755	0.5111127	532	535	533	534	534	534	535	535	535	535	535	535	535	535	535
538	535.789	0.4568235	534	536	534	535	535	536	536	536	536	536	536	536	536	536	536
539	536.792	0.4369519	535	537	536	536	536	537	537	537	537	537	537	537	537	537	537
540	537.813	0.4429754	535	538	536	537	537	538	538	538	538	538	538	538	538	538	538
541	538.789	0.4434813	536	539	538	538	538	539	539	539	539	539	539	539	539	539	539
542	539.787	0.4425233	538	540	539	539	539	540	540	540	540	540	540	540	540	540	540
543	540.791	0.4599245	539	541	539	540	540	541	541	541	541	541	541	541	541	541	541
544	541.805	0.439509	539	542	541	541	541	542	542	542	542	542	542	542	542	542	542
545	542.777	0.4852901	540	543	541	542	542	543	543	543	543	543	543	543	543	543	543
546	543.79	0.4605563	541	544	542	543	543	544	544	544	544	544	544	544	544	544	544
547	544.781	0.4703831	542	545	544	544	544	545	545	545	545	545	545	545	545	545	545
548	545.762	0.4935581	542	546	544	545	545	545	546	546	546	546	546	546	546	546	546
549	546.768	0.4820876	544	547	545	546	546	546	547	547	547	547	547	547	547	547	547
550	547.766	0.4790339	545	548	546	547	547	547	548	548	548	548	548	548	548	548	548
551	548.797	0.4604378	547	549	547	548	548	549	549	549	549	549	549	549	549	549	549
552	549.773	0.4665712	547	550	549	549	549	549	550	550	550	550	550	550	550	550	550
553	550.778	0.4636064	548	551	550	550	550	550	551	551	551	551	551	551	551	551	551
554	551.819	0.4247581	550	552	551	551	551	552	552	552	552	552	552	552	552	552	552
555	552.778	0.4548878	551	553	552	552	552	552	553	553	553	553	553	553	553	553	553
556	553.802	0.4370206	552	554	553	553	553	554	554	554	554	554	554	554	554	554	554
557	554.782	0.4590062	553	555	553	554	554	555	555	555	555	555	555	555	555	555	555
558	555.787	0.4667428	553	556	554	555	555	556	556	556	556	556	556	556	556	556	556
559	556.776	0.4712176	555	557	555	556	556	556	557	557	557	557	557	557	557	557	557
560	557.744	0.5027094	555	558	556	557	557	557	558	558	558	558	558	558	558	558	558
561	558.797	0.4494363	556	559	558	558	558	559	559	559	559	559	559	559	559	559	559
562	559.781	0.4682502	557	560	558	559	559	560	560	560	560	560	560	560	560	560	560
563	560.779	0.4694458	558	561	559	560	560	561	561	561	561	561	561	561	561	561	561
564	561.786	0.4630534	559	562	560	561	561	562	562	562	562	562	562	562	562	562	562
565	562.783	0.467043	560	563	561	562	562	563	563	563	563	563	563	563	563	563	563
566	563.754	0.5057072	561	564	562	563	563	563	564	564	564	564	564	564	564	564	564
567	564.815	0.432391	562	565	564	564	564	565	565	565	565	565	565	565	565	565	565
568	565.788	0.4508428	563	566	565	565	565	566	566	566	566	566	566	566	566	566	566
569	566.769	0.483604	564	567	565	566	566	566	567	567	567	567	567	567	567	567	567
570	567.794	0.4447041	565	568	567	567	567	568	568	568	568	568	568	568	568	568	568
571	568.761	0.492058	566	569	567	568	568	568	569	569	569	569	569	569	569	569	569
572	569.801	0.4331127	568	570	569	569	569	570	570	570	570	570	570	570	570	570	570
573	570.801	0.4556387	568	571	569	570	570	571	571	571	571	571	571	571	571	571	571
574	571.785	0.4549527	570	572	571	571	571	572	572	572	572	572	572	572	572	572	572
575	572.791	0.4685494	570	573	571	572	572	573	573	573	573	573	573	573	573	573	573
576	573.803	0.4521011	571	574	573	573	573	574	574	574	574	574	574	574	574	574	574
577	574.755	0.4808391	572	575	573	574	574	574	575	575	575	575	575	575	575	575	575
578	575.762	0.489485	573	576	574	575	575	575	576	576	576	576	576	576	576	576	576
579	576.77	0.4683154	574	577	576	576	576	576	577	577	577	577	577	577	577	577	577
580	577.797	0.4516581	575	578	577	577	577	578	578	578	578	578	578	578	578	578	578
581	578.794	0.4469494	577	579	578	578	578	579	579	579	579	579	579	579	579	579	579
582	579.772	0.4942269	577	580	578	579	579	580	580	580	580	580	580	580	580	580	580
583	580.785	0.4505308	578	581	580	580	580	581	581	581	581	581	581	581	581	581	581
584	581.782	0.4697837	579	582	580	581	581	582	582	582	582	582	582	582	582	582	582
585	582.762	0.489485	581	583	581	582	582	582	583	583	583	583	583	583	583	583	583
586	583.783	0.4627366	581	584	583	583	583	584	584	584	584	584	584	584	584	584	584
587	584.787	0.4514807	583	585	584	584	584	585	585	585	585	585	585	585	585	585	585
588	585.769	0.483604	582	586	584	585	585	585	586	586	586	586	586	586	586	586	586
589	586.786	0.4652101	584	587	585	586	586	587	587	587	587	587	587	587	587	587	587
590	587.767	0.4989589	584	588	586	587	587	587	588	588	588	588	588	588	588	588	588
591	588.792	0.4785028	586	589	587	588	588	589	589	589	589	589	589	589	589	589	589
592	589.77	0.4809692	587	590	588	589	589	589	590	590	590	590	590	590	590	590	590
593	590.743	0.5188644	587	591	589	590	590	590	591	591	591	591	591	591	591	591	591
594	591.775	0.4588961	589	592	591	591	591	591	592	592	592	592	592	592	592	592	592
595	592.769	0.4731415	591	593	591	592	592	592	593	593	593	593	593	593	593	593	593
596	593.758	0.5096035	591	594	592	593	593	593	594	594	594	594	594	594	594	594	594
597	594.766	0.4974852	591	595	593	594	594	594	595	595	595	595	595	595	595	595	595
598	595.781	0.4788197	593	596	594	595	595	596	596	596	596	596	596	596	596	596	596
599	596.801	0.4445184	594	597	596	596	596	597	597	597	597	597	597	597	597	597	597
600	597.808	0.4304896	595	598	597	597	597	598	598	598	598	598	598	598	598	598	598
601	598.779	0.4715733	597	599	597	598	598	599	599	599	599	599	599	599	599	599	599
602	599.797	0.4516581	596	600	599	599	599	600	600	600	600	600	600	600	600	600	600
603	600.784	0.4749416	598	601	599	600	600	601	601	601	601	601	601	601	601	601	601
604	601.792	0.4549098	599	602	601	601	601	602	602	602	602	602	602	602	602	602	602
605	602.77	0.4788834	600	603	601	602	602	602	603	603	603	603	603	603	603	603	603
606	603.78	0.4602302	601	604	603	603	603	603	604	604	604	604	604	604	604	604	604
607	604.759	0.4807808	602	605	603	604	604	604	605	605	605	605	605	605	605	605	605
608	605.788	0.4596382	603	606	604	605	605	606	606	606	606	606	606	606	606	606	606
609	606.77	0.4830459	604	607	605	606	606	606	607	607	607	607	607	607	607	607	607
610	607.762	0.4874357	605	608	606	607	607	607	608	608	608	608	608	608	608	608	608
611	608.776	0.4669497	606	609	607	608	608	608	609	609	609	609	609	609	609	609	609
612	609.745	0.5061929	606	610	608	609	609	609	610	610	610	610	610	610	610	610	610
613	610.779	0.4586604	608	611	610	610	610	610	611	611	611	611	611	611	611	611	611
614	611.743	0.5149915	609	612	610	611	611	611	612	612	612	612	612	612	612	612	612
615	612.781	0.4682502	610	613	611	612	612	613	613	613	613	613	613	613	613	613	613
616	613.791	0.4421702	612	614	613	613	613	614	614	614	614	614	614	614	614	614	614
617	614.779	0.4903054	612	615	613	614	614	615	615	615	615	615	615	615	615	615	615
618	615.803	0.4386153	614	616	615	615	615	616	616	616	616	616	616	616	616	616	616
619	616.771	0.4762203	614	617	615	616	616	616	617	617	617	617	617	617	617	617	617
620	617.744	0.4946804	615	618	616	617	617	617	618	618	618	618	618	618	618	618	618
621	618.784	0.4707075	616	619	617	618	618	619	619	619	619	619	619	619	619	619	619
622	619.762	0.4833111	617	620	618	619	619	619	620	620	620	620	620	620	620	620	620
623	620.79	0.4428274	619	621	620	620	620	621	621	621	621	621	621	621	621	621	621
624	621.763	0.4786022	619	622	620	621	621	621	622	622	622	622	622	622	622	622	622
625	622.762	0.4685889	620	623	622	622	622	622	623	623	623	623	623	623	623	623	623
626	623.776	0.4604737	621	624	623	623	623	623	624	624	624	624	624	624	624	624	624
627	624.794	0.4580107	622	625	624	624	624	625	625	625	625	625	625	625	625	625	625
628	625.74	0.4864531	623	626	625	625	625	625	626	626	626	626	626	626	626	626	626
629	626.799	0.4458675	624	627	626	626	626	627	627	627	627	627	627	627	627	627	627
630	627.784	0.4599517	625	628	627	627	627	628	628	628	628	628	628	628	628	628	628
631	628.785	0.4806308	626	629	627	628	628	629	629	629	629	629	629	629	629	629	629
632	629.779	0.4799889	627	630	628	629	629	630	630	630	630	630	630	630	630	630	630
633	630.787	0.4580839	628	631	630	630	630	631	631	631	631	631	631	631	631	631	631
634	631.784	0.4642839	629	632	630	631	631	632	632	632	632	632	632	632	632	632	632
635	632.769	0.4815297	630	633	631	632	632	632	633	633	633	633	633	633	633	633	633
636	633.77	0.4788834	631	634	632	633	633	633	634	634	634	634	634	634	634	634	634
637	634.784	0.4599517	632	635	634	634	634	635	635	635	635	635	635	635	635	635	635
638	635.759	0.4828583	633	636	634	635	635	635	636	636	636	636	636	636	636	636	636
639	636.758	0.4875179	634	637	635	636	636	636	637	637	637	637	637	637	637	637	637
640	637.784	0.446703	636	638	637	637	637	637	638	638	638	638	638	638	638	638	638
641	638.808	0.4304896	636	639	638	638	638	639	639	639	639	639	639	639	639	639	639
642	639.769	0.4815297	636	640	639	639	639	639	640	640	640	640	640	640	640	640	640
643	640.78	0.4688495	639	641	639	640	640	641	641	641	641	641	641	641	641	641	641
644	641.782	0.4590062	640	642	640	641	641	642	642	642	642	642	642	642	642	642	642
645	642.819	0.4223949	640	643	642	642	642	643	643	643	643	643	643	643	643	643	643
646	643.775	0.4905259	640	644	642	643	643	644	644	644	644	644	644	644	644	644	644
647	644.778	0.4570831	643	645	644	644	644	644	645	645	645	645	645	645	645	645	645
648	645.774	0.480786	643	646	644	645	645	645	646	646	646	646	646	646	646	646	646
649	646.755	0.4911377	644	647	645	646	646	646	647	647	647	647	647	647	647	647	647
650	647.785	0.4593321	645	648	647	647	647	648	648	648	648	648	648	648	648	648	648
651	648.775	0.4945904	646	649	647	648	648	649	649	649	649	649	649	649	649	649	649
652	649.764	0.4738444	647	650	648	649	649	649	650	650	650	650	650	650	650	650	650
653	650.76	0.4925877	648	651	649	650	650	650	651	651	651	651	651	651	651	651	651
654	651.78	0.4731002	650	652	650	651	651	652	652	652	652	652	652	652	652	652	652
655	652.788	0.4618109	650	653	651	652	652	653	653	653	653	653	653	653	653	653	653
656	653.805	0.4417807	651	654	653	653	653	654	654	654	654	654	654	654	654	654	654
657	654.771	0.4634369	653	655	654	654	654	654	655	655	655	655	655	655	655	655	655
658	655.783	0.47131	653	656	654	655	655	656	656	656	656	656	656	656	656	656	656
659	656.792	0.4415098	655	657	656	656	656	657	657	657	657	657	657	657	657	657	657
660	657.777	0.476968	655	658	656	657	657	658	658	658	658	658	658	658	658	658	658
661	658.8	0.4406747	655	659	658	658	658	659	659	659	659	659	659	659	659	659	659
662	659.778	0.4657606	657	660	659	659	659	659	660	660	660	660	660	660	660	660	660
663	660.785	0.4847783	658	661	659	660	660	661	661	661	661	661	661	661	661	661	661
664	661.762	0.4791509	659	662	660	661	661	661	662	662	662	662	662	662	662	662	662
665	662.755	0.5071807	660	663	661	662	662	662	663	663	663	663	663	663	663	663	663
666	663.798	0.468418	661	664	662	663	663	664	664	664	664	664	664	664	664	664	664
667	664.739	0.5187949	662	665	663	664	664	664	665	665	665	665	665	665	665	665	665
668	665.762	0.4935581	663	666	664	665	665	665	666	666	666	666	666	666	666	666	666
669	666.779	0.4608377	664	667	666	666	666	666	667	667	667	667	667	667	667	667	667
670	667.754	0.5155092	664	668	666	667	667	667	668	668	668	668	668	668	668	668	668
671	668.75	0.505723	666	669	667	668	668	668	669	669	669	669	669	669	669	669	669
672	669.782	0.4865313	667	670	668	669	669	670	670	670	670	670	670	670	670	670	670
673	670.788	0.4639734	669	671	669	670	670	671	671	671	671	671	671	671	671	671	671
674	671.796	0.4388355	669	672	671	671	671	672	672	672	672	672	672	672	672	672	672
675	672.752	0.4947128	670	673	671	672	672	672	673	673	673	673	673	673	673	673	673
676	673.812	0.4275966	672	674	673	673	673	674	674	674	674	674	674	674	674	674	674
677	674.793	0.4542657	672	675	674	674	674	675	675	675	675	675	675	675	675	675	675
678	675.795	0.4617231	673	676	675	675	675	676	676	676	676	676	676	676	676	676	676
679	676.778	0.4742794	674	677	675	676	676	677	677	677	677	677	677	677	677	677	677
680	677.805	0.4279698	676	678	677	677	677	678	678	678	678	678	678	678	678	678	678
681	678.765	0.4837448	676	679	677	678	678	678	679	679	679	679	679	679	679	679	679
682	679.764	0.4863543	677	680	678	679	679	679	680	680	680	680	680	680	680	680	680
683	680.784	0.4707075	678	681	679	680	680	681	681	681	681	681	681	681	681	681	681
684	681.779	0.4542745	680	682	681	681	681	681	682	682	682	682	682	682	682	682	682
685	682.78	0.4835637	680	683	681	682	682	683	683	683	683	683	683	683	683	683	683
686	683.752	0.4967321	681	684	682	683	683	683	684	684	684	684	684	684	684	684	684
687	684.75	0.4997497	682	685	683	684	684	684	685	685	685	685	685	685	685	685	685
688	685.798	0.442031	683	686	685	685	685	686	686	686	686	686	686	686	686	686	686
689	686.751	0.4931959	684	687	685	686	686	686	687	687	687	687	687	687	687	687	687
690	687.793	0.4453643	686	688	687	687	687	688	688	688	688	688	688	688	688	688	688
691	688.761	0.4838524	687	689	687	688	688	688	689	689	689	689	689	689	689	689	689
692	689.761	0.5021266	687	690	688	689	689	689	690	690	690	690	690	690	690	690	690
693	690.759	0.4971581	688	691	689	690	690	690	691	691	691	691	691	691	691	691	691
694	691.781	0.4661076	689	692	691	691	691	692	692	692	692	692	692	692	692	692	692
695	692.769	0.4646018	690	693	692	692	692	692	693	693	693	693	693	693	693	693	693
696	693.785	0.4571477	692	694	692	693	693	694	694	694	694	694	694	694	694	694	694
697	694.781	0.4703831	693	695	693	694	694	695	695	695	695	695	695	695	695	695	695
698	695.782	0.4719096	693	696	694	695	695	696	696	696	696	696	696	696	696	696	696
699	696.786	0.4565221	695	697	695	696	696	697	697	697	697	697	697	697	697	697	697
700	697.75	0.4834602	695	698	696	697	697	697	698	698	698	698	698	698	698	698	698
701	698.772	0.488113	696	699	697	698	698	698	699	699	699	699	699	699	699	699	699
702	699.754	0.5096506	697	700	698	699	699	699	700	700	700	700	700	700	700	700	700
703	700.785	0.4785436	698	701	699	700	700	701	701	701	701	701	701	701	701	701	701
704	701.769	0.4877262	699	702	700	701	701	701	702	702	702	702	702	702	702	702	702
705	702.772	0.4606824	700	703	702	702	702	702	703	703	703	703	703	703	703	703	703
706	703.784	0.4707075	701	704	702	703	703	704	704	704	704	704	704	704	704	704	704
707	704.779	0.4882596	702	705	703	704	704	705	705	705	705	705	705	705	705	705	705
708	705.777	0.4811471	703	706	704	705	705	706	706	706	706	706	706	706	706	706	706
709	706.748	0.4926852	704	707	705	706	706	706	707	707	707	707	707	707	707	707	707
710	707.8	0.4518896	705	708	706	707	707	708	708	708	708	708	708	708	708	708	708
711	708.795	0.4551727	706	709	707	708	708	709	709	709	709	709	709	709	709	709	709
712	709.805	0.4256244	708	710	709	709	709	710	710	710	710	710	710	710	710	710	710
713	710.755	0.5032179	708	711	709	710	710	710	711	711	711	711	711	711	711	711	711
714	711.769	0.477354	709	712	710	711	711	711	712	712	712	712	712	712	712	712	712
715	712.785	0.4701021	710	713	711	712	712	713	713	713	713	713	713	713	713	713	713
716	713.787	0.4688826	710	714	713	713	713	714	714	714	714	714	714	714	714	714	714
717	714.764	0.4985505	712	715	713	714	714	714	715	715	715	715	715	715	715	715	715
718	715.776	0.4754472	712	716	715	715	715	715	716	716	716	716	716	716	716	716	716
719	716.765	0.4899133	714	717	715	716	716	716	717	717	717	717	717	717	717	717	717
720	717.796	0.4545224	715	718	717	717	717	718	718	718	718	718	718	718	718	718	718
721	718.778	0.4636064	716	719	718	718	718	718	719	719	719	719	719	719	719	719	719
722	719.774	0.4723845	717	720	719	719	719	719	720	720	720	720	720	720	720	720	720
723	720.79	0.4495577	718	721	720	720	720	721	721	721	721	721	721	721	721	721	721
724	721.756	0.4987111	719	722	720	721	721	721	722	722	722	722	722	722	722	722	722
725	722.774	0.4484698	721	723	722	722	722	722	723	723	723	723	723	723	723	723	723
726	723.779	0.4673087	721	724	723	723	723	723	724	724	724	724	724	724	724	724	724
727	724.8	0.4518896	722	725	724	724	724	725	725	725	725	725	725	725	725	725	725
728	725.76	0.4885065	724	726	724	725	725	725	726	726	726	726	726	726	726	726	726
729	726.786	0.4673568	724	727	725	726	726	727	727	727	727	727	727	727	727	727	727
730	727.8	0.4406747	725	728	727	727	727	728	728	728	728	728	728	728	728	728	728
731	728.759	0.4971581	726	729	727	728	728	728	729	729	729	729	729	729	729	729	729
732	729.799	0.4413545	727	730	729	729	729	730	730	730	730	730	730	730	730	730	730
733	730.785	0.4549527	729	731	730	730	730	731	731	731	731	731	731	731	731	731	731
734	731.741	0.5139875	729	732	730	731	731	731	732	732	732	732	732	732	732	732	732
735	732.765	0.4816711	731	733	731	732	732	732	733	733	733	733	733	733	733	733	733
736	733.778	0.4657606	731	734	732	733	733	733	734	734	734	734	734	734	734	734	734
737	734.786	0.4800359	731	735	734	734	734	735	735	735	735	735	735	735	735	735	735
738	735.772	0.4819214	733	736	734	735	735	735	736	736	736	736	736	736	736	736	736
739	736.774	0.4702607	734	737	736	736	736	736	737	737	737	737	737	737	737	737	737
740	737.776	0.4690885	735	738	737	737	737	737	738	738	738	738	738	738	738	738	738
741	738.742	0.5056597	736	739	737	738	738	738	739	739	739	739	739	739	739	739	739
742	739.769	0.4731415	737	740	739	739	739	739	740	740	740	740	740	740	740	740	740
743	740.772	0.4777491	738	741	739	740	740	740	741	741	741	741	741	741	741	741	741
744	741.763	0.5264106	739	742	740	741	741	742	742	742	742	742	742	742	742	742	742
745	742.764	0.4863543	740	743	741	742	742	742	743	743	743	743	743	743	743	743	743
746	743.802	0.4483269	741	744	743	743	743	744	744	744	744	744	744	744	744	744	744
747	744.776	0.4712176	742	745	743	744	744	744	745	745	745	745	745	745	745	745	745
748	745.787	0.4580839	744	746	744	745	745	746	746	746	746	746	746	746	746	746	746
749	746.76	0.4925877	744	747	745	746	746	746	747	747	747	747	747	747	747	747	747
750	747.806	0.4456036	745	748	747	747	747	748	748	748	748	748	748	748	748	748	748
751	748.741	0.5120363	746	749	747	748	748	748	749	749	749	749	749	749	749	749	749
752	749.751	0.5072044	747	750	748	749	749	749	750	750	750	750	750	750	750	750	750
753	750.763	0.4868964	747	751	749	750	750	750	751	751	751	751	751	751	751	751	751
754	751.761	0.492058	749	752	750	751	751	751	752	752	752	752	752	752	752	752	752
755	752.772	0.4942269	749	753	751	752	752	753	753	753	753	753	753	753	753	753	753
756	753.805	0.4349301	752	754	753	753	753	754	754	754	754	754	754	754	754	754	754
757	754.782	0.4546237	752	755	754	754	754	754	755	755	755	755	755	755	755	755	755
758	755.778	0.4721641	753	756	755	755	755	755	756	756	756	756	756	756	756	756	756
759	756.783	0.4734291	754	757	755	756	756	757	757	757	757	757	757	757	757	757	757
760	757.783	0.4755388	755	758	756	757	757	758	758	758	758	758	758	758	758	758	758
761	758.775	0.4925623	756	759	757	758	758	759	759	759	759	759	759	759	759	759	759
762	759.795	0.4372255	758	760	759	759	759	760	760	760	760	760	760	760	760	760	760
763	760.782	0.4655026	759	761	759	760	760	761	761	761	761	761	761	761	761	761	761
764	761.767	0.4826427	759	762	760	761	761	761	762	762	762	762	762	762	762	762	762
765	762.768	0.4903228	759	763	761	762	762	762	763	763	763	763	763	763	763	763	763
766	763.76	0.5006502	760	764	762	763	763	763	764	764	764	764	764	764	764	764	764
767	764.757	0.5178989	762	765	763	764	764	764	765	765	765	765	765	765	765	765	765
768	765.779	0.4608377	764	766	764	765	765	765	766	766	766	766	766	766	766	766	766
769	766.769	0.4978824	764	767	765	766	766	766	767	767	767	767	767	767	767	767	767
770	767.783	0.4797303	765	768	766	767	767	768	768	768	768	768	768	768	768	768	768
771	768.772	0.4777491	766	769	767	768	768	768	769	769	769	769	769	769	769	769	769
772	769.784	0.4685761	767	770	768	769	769	770	770	770	770	770	770	770	770	770	770
773	770.753	0.4901339	768	771	769	770	770	770	771	771	771	771	771	771	771	771	771
774	771.793	0.4476062	770	772	771	771	771	772	772	772	772	772	772	772	772	772	772
775	772.776	0.4582947	770	773	772	772	772	772	773	773	773	773	773	773	773	773	773
776	773.76	0.508585	771	774	772	773	773	773	774	774	774	774	774	774	774	774	774
777	774.796	0.4478667	772	775	774	774	774	775	775	775	775	775	775	775	775	775	775
778	775.736	0.5240025	773	776	774	775	775	775	776	776	776	776	776	776	776	776	776
779	776.792	0.4700606	774	777	775	776	776	777	777	777	777	777	777	777	777	777	777
780	777.772	0.4839941	774	778	776	777	777	777	778	778	778	778	778	778	778	778	778
781	778.741	0.5312261	775	779	777	778	778	778	779	779	779	779	779	779	779	779	779
782	779.8	0.4383973	777	780	779	779	779	780	780	780	780	780	780	780	780	780	780
783	780.764	0.4842918	778	781	779	780	780	780	781	781	781	781	781	781	781	781	781
784	781.783	0.4627366	779	782	780	781	781	782	782	782	782	782	782	782	782	782	782
785	782.752	0.5007462	780	783	781	782	782	782	783	783	783	783	783	783	783	783	783
786	783.765	0.5099363	781	784	782	783	783	784	784	784	784	784	784	784	784	784	784
787	784.733	0.5098735	782	785	783	784	784	784	785	785	785	785	785	785	785	785	785
788	785.792	0.4549098	783	786	785	785	785	786	786	786	786	786	786	786	786	786	786
789	786.774	0.4723845	784	787	785	786	786	786	787	787	787	787	787	787	787	787	787
790	787.78	0.4709796	785	788	786	787	787	788	788	788	788	788	788	788	788	788	788
791	788.774	0.480786	785	789	787	788	788	788	789	789	789	789	789	789	789	789	789
792	789.762	0.4955821	787	790	788	789	789	789	790	790	790	790	790	790	790	790	790
793	790.758	0.4792345	789	791	789	790	790	790	791	791	791	791	791	791	791	791	791
794	791.791	0.4533481	789	792	791	791	791	792	792	792	792	792	792	792	792	792	792
795	792.78	0.4645598	791	793	791	792	792	793	793	793	793	793	793	793	793	793	793
796	793.77	0.5013495	790	794	792	793	793	794	794	794	794	794	794	794	794	794	794
797	794.759	0.4828583	791	795	793	794	794	794	795	795	795	795	795	795	795	795	795
798	795.786	0.4737388	793	796	794	795	795	796	796	796	796	796	796	796	796	796	796
799	796.759	0.4869868	795	797	795	796	796	796	797	797	797	797	797	797	797	797	797
800	797.788	0.4682684	795	798	796	797	797	798	798	798	798	798	798	798	798	798	798
801	798.768	0.4923600	796	799	797	798	798	798	799	799	799	799	799	799	799	799	799
802	799.792	0.4549098	797	800	799	799	799	800	800	800	800	800	800	800	800	800	800
803	800.758	0.4792345	798	801	799	800	800	800	801	801	801	801	801	801	801	801	801
804	801.773	0.4687117	799	802	800	801	801	801	802	802	802	802	802	802	802	802	802
805	802.78	0.4856293	800	803	801	802	802	803	803	803	803	803	803	803	803	803	803
806	803.771	0.482485	800	804	802	803	803	803	804	804	804	804	804	804	804	804	804
807	804.805	0.4256244	803	805	804	804	804	805	805	805	805	805	805	805	805	805	805
808	805.761	0.4755051	804	806	804	805	805	805	806	806	806	806	806	806	806	806	806
809	806.788	0.4704012	805	807	805	806	806	807	807	807	807	807	807	807	807	807	807
810	807.791	0.4353257	805	808	807	807	807	808	808	808	808	808	808	808	808	808	808
811	808.755	0.4911377	806	809	807	808	808	808	809	809	809	809	809	809	809	809	809
812	809.784	0.4707075	807	810	808	809	809	810	810	810	810	810	810	810	810	810	810
813	810.779	0.4694458	809	811	809	810	810	811	811	811	811	811	811	811	811	811	811
814	811.781	0.4661076	809	812	810	811	811	812	812	812	812	812	812	812	812	812	812
815	812.765	0.4837448	810	813	811	812	812	812	813	813	813	813	813	813	813	813	813
816	813.778	0.4636064	812	814	812	813	813	813	814	814	814	814	814	814	814	814	814
817	814.814	0.4166264	813	815	814	814	814	815	815	815	815	815	815	815	815	815	815
818	815.775	0.5065882	813	816	814	815	815	816	816	816	816	816	816	816	816	816	816
819	816.786	0.4521155	814	817	816	816	816	817	817	817	817	817	817	817	817	817	817
820	817.8	0.4518896	815	818	817	817	817	818	818	818	818	818	818	818	818	818	818
821	818.797	0.4449595	817	819	818	818	818	819	819	819	819	819	819	819	819	819	819
822	819.759	0.4681219	817	820	819	819	819	819	820	820	820	820	820	820	820	820	820
823	820.781	0.4788197	817	821	819	820	820	821	821	821	821	821	821	821	821	821	821
824	821.765	0.4753956	819	822	820	821	821	821	822	822	822	822	822	822	822	822	822
825	822.802	0.4505541	820	823	821	822	822	823	823	823	823	823	823	823	823	823	823
826	823.78	0.4731002	821	824	822	823	823	824	824	824	824	824	824	824	824	824	824
827	824.789	0.4655058	823	825	823	824	824	825	825	825	825	825	825	825	825	825	825
828	825.773	0.4916429	823	826	824	825	825	826	826	826	826	826	826	826	826	826	826
829	826.782	0.4655026	824	827	825	826	826	827	827	827	827	827	827	827	827	827	827
830	827.777	0.4975123	824	828	826	827	827	828	828	828	828	828	828	828	828	828	828
831	828.777	0.4975123	825	829	827	828	828	829	829	829	829	829	829	829	829	829	829
832	829.768	0.4800067	828	830	828	829	829	829	830	830	830	830	830	830	830	830	830
833	830.766	0.4934445	828	831	829	830	830	830	831	831	831	831	831	831	831	831	831
834	831.782	0.4803194	829	832	830	831	831	832	832	832	832	832	832	832	832	832	832
835	832.776	0.4754472	830	833	831	832	832	832	833	833	833	833	833	833	833	833	833
836	833.778	0.4847174	831	834	832	833	833	834	834	834	834	834	834	834	834	834	834
837	834.782	0.4633473	833	835	833	834	834	835	835	835	835	835	835	835	835	835	835
838	835.786	0.4673568	833	836	834	835	835	836	836	836	836	836	836	836	836	836	836
839	836.816	0.4246461	834	837	836	836	836	837	837	837	837	837	837	837	837	837	837
840	837.777	0.483223	834	838	836	837	837	838	838	838	838	838	838	838	838	838	838
841	838.788	0.4574552	836	839	838	838	838	839	839	839	839	839	839	839	839	839	839
842	839.774	0.4616678	838	840	839	839	839	839	840	840	840	840	840	840	840	840	840
843	840.77	0.4788834	838	841	839	840	840	840	841	841	841	841	841	841	841	841	841
844	841.739	0.4930742	840	842	840	841	841	841	842	842	842	842	842	842	842	842	842
845	842.802	0.4483269	841	843	841	842	842	843	843	843	843	843	843	843	843	843	843
846	843.795	0.4529682	841	844	843	843	843	844	844	844	844	844	844	844	844	844	844
847	844.788	0.4661258	842	845	843	844	844	845	845	845	845	845	845	845	845	845	845
848	845.807	0.4493918	842	846	845	845	845	846	846	846	846	846	846	846	846	846	846
849	846.779	0.4778989	844	847	845	846	846	847	847	847	847	847	847	847	847	847	847
850	847.772	0.4714215	845	848	846	847	847	847	848	848	848	848	848	848	848	848	848
851	848.783	0.4562007	847	849	848	848	848	849	849	849	849	849	849	849	849	849	849
852	849.755	0.4972145	846	850	848	849	849	849	850	850	850	850	850	850	850	850	850
853	850.782	0.4803194	848	851	849	850	850	851	851	851	851	851	851	851	851	851	851
854	851.788	0.4552618	850	852	850	851	851	852	852	852	852	852	852	852	852	852	852
855	852.775	0.4822941	850	853	851	852	852	853	853	853	853	853	853	853	853	853	853
856	853.772	0.4777491	851	854	852	853	853	853	854	854	854	854	854	854	854	854	854
857	854.779	0.4651617	852	855	853	854	854	854	855	855	855	855	855	855	855	855	855
858	855.76	0.4760532	854	856	854	855	855	855	856	856	856	856	856	856	856	856	856
859	856.764	0.4696004	854	857	856	856	856	856	857	857	857	857	857	857	857	857	857
860	857.774	0.4616678	856	858	857	857	857	857	858	858	858	858	858	858	858	858	858
861	858.819	0.4176283	857	859	858	858	858	859	859	859	859	859	859	859	859	859	859
862	859.78	0.4773131	857	860	858	859	859	860	860	860	860	860	860	860	860	860	860
863	860.804	0.4536406	859	861	859	860	860	861	861	861	861	861	861	861	861	861	861
864	861.791	0.4728029	858	862	860	861	861	862	862	862	862	862	862	862	862	862	862
865	862.769	0.4602726	860	863	862	862	862	862	863	863	863	863	863	863	863	863	863
866	863.762	0.5095249	861	864	862	863	863	863	864	864	864	864	864	864	864	864	864
867	864.768	0.4820876	862	865	863	864	864	864	865	865	865	865	865	865	865	865	865
868	865.757	0.5041877	863	866	864	865	865	865	866	866	866	866	866	866	866	866	866
869	866.768	0.4694639	865	867	865	866	866	866	867	867	867	867	867	867	867	867	867
870	867.77	0.4809692	866	868	866	867	867	867	868	868	868	868	868	868	868	868	868
871	868.778	0.4570831	867	869	868	868	868	868	869	869	869	869	869	869	869	869	869
872	869.785	0.4701021	867	870	868	869	869	870	870	870	870	870	870	870	870	870	870
873	870.776	0.4754472	868	871	869	870	870	870	871	871	871	871	871	871	871	871	871
874	871.769	0.4958678	869	872	870	871	871	872	872	872	872	872	872	872	872	872	872
875	872.807	0.4426590	871	873	871	872	872	873	873	873	873	873	873	873	873	873	873
876	873.753	0.5101483	871	874	872	873	873	873	874	874	874	874	874	874	874	874	874
877	874.783	0.4627366	873	875	873	874	874	875	875	875	875	875	875	875	875	875	875
878	875.772	0.4860579	873	876	874	875	875	875	876	876	876	876	876	876	876	876	876
879	876.759	0.4910806	874	877	875	876	876	876	877	877	877	877	877	877	877	877	877
880	877.776	0.4604737	875	878	877	877	877	877	878	878	878	878	878	878	878	878	878
881	878.765	0.4816711	876	879	877	878	878	878	879	879	879	879	879	879	879	879	879
882	879.791	0.4444283	877	880	879	879	879	880	880	880	880	880	880	880	880	880	880
883	880.78	0.4536582	879	881	880	880	880	880	881	881	881	881	881	881	881	881	881
884	881.792	0.4369519	880	882	881	881	881	882	882	882	882	882	882	882	882	882	882
885	882.79	0.4670312	880	883	881	882	882	883	883	883	883	883	883	883	883	883	883
886	883.776	0.4940325	881	884	882	883	883	884	884	884	884	884	884	884	884	884	884
887	884.772	0.4756493	883	885	883	884	884	884	885	885	885	885	885	885	885	885	885
888	885.783	0.4691813	883	886	884	885	885	886	886	886	886	886	886	886	886	886	886
889	886.792	0.4504874	884	887	886	886	886	887	887	887	887	887	887	887	887	887	887
890	887.749	0.5022462	885	888	886	887	887	887	888	888	888	888	888	888	888	888	888
891	888.772	0.4901594	886	889	887	888	888	889	889	889	889	889	889	889	889	889	889
892	889.774	0.4702607	887	890	888	889	889	889	890	890	890	890	890	890	890	890	890
893	890.788	0.4746381	888	891	889	890	890	891	891	891	891	891	891	891	891	891	891
894	891.792	0.4592896	890	892	890	891	891	892	892	892	892	892	892	892	892	892	892
895	892.76	0.4885065	890	893	891	892	892	892	893	893	893	893	893	893	893	893	893
896	893.783	0.47131	891	894	892	893	893	894	894	894	894	894	894	894	894	894	894
897	894.778	0.4636064	893	895	893	894	894	894	895	895	895	895	895	895	895	895	895
898	895.764	0.4822204	893	896	894	895	895	895	896	896	896	896	896	896	896	896	896
899	896.753	0.4880873	895	897	895	896	896	896	897	897	897	897	897	897	897	897	897
900	897.778	0.4721641	896	898	896	897	897	898	898	898	898	898	898	898	898	898	898
901	898.787	0.4624336	897	899	897	898	898	899	899	899	899	899	899	899	899	899	899
902	899.795	0.4349301	898	900	899	899	899	900	900	900	900	900	900	900	900	900	900
903	900.777	0.472752	897	901	900	900	900	900	901	901	901	901	901	901	901	901	901
904	901.749	0.516009	899	902	900	901	901	901	902	902	902	902	902	902	902	902	902
905	902.777	0.4873484	899	903	901	902	902	903	903	903	903	903	903	903	903	903	903
906	903.769	0.4856695	901	904	902	903	903	903	904	904	904	904	904	904	904	904	904
907	904.775	0.4822941	902	905	903	904	904	905	905	905	905	905	905	905	905	905	905
908	905.782	0.4761331	903	906	904	905	905	906	906	906	906	906	906	906	906	906	906
909	906.783	0.4605683	904	907	906	906	906	907	907	907	907	907	907	907	907	907	907
910	907.77	0.4851137	905	908	906	907	907	907	908	908	908	908	908	908	908	908	908
911	908.794	0.460191	906	909	907	908	908	909	909	909	909	909	909	909	909	909	909
912	909.782	0.4655026	907	910	909	909	909	910	910	910	910	910	910	910	910	910	910
913	910.79	0.4495577	909	911	910	910	910	911	911	911	911	911	911	911	911	911	911
914	911.76	0.4885065	909	912	910	911	911	911	912	912	912	912	912	912	912	912	912
915	912.795	0.4485267	910	913	912	912	912	913	913	913	913	913	913	913	913	913	913
916	913.786	0.4543241	911	914	913	913	913	914	914	914	914	914	914	914	914	914	914
917	914.788	0.4639734	912	915	914	914	914	915	915	915	915	915	915	915	915	915	915
918	915.783	0.4755388	913	916	914	915	915	916	916	916	916	916	916	916	916	916	916
919	916.778	0.4700393	914	917	915	916	916	917	917	917	917	917	917	917	917	917	917
920	917.82	0.4120313	916	918	917	917	917	918	918	918	918	918	918	918	918	918	918
921	918.798	0.4554156	916	919	917	918	918	919	919	919	919	919	919	919	919	919	919
922	919.794	0.4536185	918	920	918	919	919	920	920	920	920	920	920	920	920	920	920
923	920.785	0.4722266	918	921	919	920	920	921	921	921	921	921	921	921	921	921	921
924	921.78	0.4667096	919	922	920	921	921	922	922	922	922	922	922	922	922	922	922
925	922.757	0.4880463	920	923	921	922	922	922	923	923	923	923	923	923	923	923	923
926	923.787	0.4580839	922	924	922	923	923	924	924	924	924	924	924	924	924	924	924
927	924.788	0.4552618	923	925	923	924	924	925	925	925	925	925	925	925	925	925	925
928	925.794	0.4447041	924	926	925	925	925	926	926	926	926	926	926	926	926	926	926
929	926.752	0.4987432	923	927	925	926	926	926	927	927	927	927	927	927	927	927	927
930	927.798	0.432878	926	928	927	927	927	928	928	928	928	928	928	928	928	928	928
931	928.764	0.4945185	926	929	927	928	928	928	929	929	929	929	929	929	929	929	929
932	929.768	0.488277	927	930	928	929	929	929	930	930	930	930	930	930	930	930	930
933	930.79	0.4583777	928	931	929	930	930	931	931	931	931	931	931	931	931	931	931
934	931.774	0.4910857	929	932	930	931	931	932	932	932	932	932	932	932	932	932	932
935	932.787	0.4688826	930	933	931	932	932	933	933	933	933	933	933	933	933	933	933
936	933.801	0.4534364	931	934	932	933	933	934	934	934	934	934	934	934	934	934	934
937	934.767	0.4784767	932	935	933	934	934	934	935	935	935	935	935	935	935	935	935
938	935.777	0.4852901	933	936	934	935	935	936	936	936	936	936	936	936	936	936	936
939	936.756	0.4885721	933	937	935	936	936	936	937	937	937	937	937	937	937	937	937
940	937.779	0.4564727	936	938	937	937	937	937	938	938	938	938	938	938	938	938	938
941	938.761	0.4776056	936	939	937	938	938	938	939	939	939	939	939	939	939	939	939
942	939.792	0.4482599	938	940	939	939	939	940	940	940	940	940	940	940	940	940	940
943	940.774	0.4659841	938	941	940	940	940	940	941	941	941	941	941	941	941	941	941
944	941.737	0.5177829	939	942	940	941	941	941	942	942	942	942	942	942	942	942	942
945	942.781	0.4725064	940	943	941	942	942	943	943	943	943	943	943	943	943	943	943
946	943.756	0.4906167	941	944	942	943	943	943	944	944	944	944	944	944	944	944	944
947	944.759	0.4765985	942	945	943	944	944	944	945	945	945	945	945	945	945	945	945
948	945.781	0.4767245	943	946	944	945	945	946	946	946	946	946	946	946	946	946	946
949	946.794	0.4401792	945	947	946	946	946	947	947	947	947	947	947	947	947	947	947
950	947.789	0.4655058	945	948	947	947	947	948	948	948	948	948	948	948	948	948	948
951	948.792	0.4482599	946	949	948	948	948	949	949	949	949	949	949	949	949	949	949
952	949.763	0.472286	947	950	949	949	949	949	950	950	950	950	950	950	950	950	950
953	950.768	0.4779167	948	951	949	950	950	950	951	951	951	951	951	951	951	951	951
954	951.756	0.4926527	949	952	950	951	951	951	952	952	952	952	952	952	952	952	952
955	952.8	0.4584869	950	953	951	952	952	953	953	953	953	953	953	953	953	953	953
956	953.752	0.4824197	952	954	952	953	953	953	954	954	954	954	954	954	954	954	954
957	954.79	0.4605563	952	955	954	954	954	955	955	955	955	955	955	955	955	955	955
958	955.795	0.4551727	953	956	954	955	955	956	956	956	956	956	956	956	956	956	956
959	956.76	0.4781513	954	957	955	956	956	956	957	957	957	957	957	957	957	957	957
960	957.803	0.4586953	955	958	957	957	957	958	958	958	958	958	958	958	958	958	958
961	958.801	0.4467646	956	959	958	958	958	959	959	959	959	959	959	959	959	959	959
962	959.772	0.4714215	958	960	958	959	959	959	960	960	960	960	960	960	960	960	960
963	960.771	0.4677369	959	961	959	960	960	960	961	961	961	961	961	961	961	961	961
964	961.77	0.4746844	959	962	960	961	961	961	962	962	962	962	962	962	962	962	962
965	962.786	0.4821166	960	963	961	962	962	963	963	963	963	963	963	963	963	963	963
966	963.778	0.4526819	961	964	963	963	963	963	964	964	964	964	964	964	964	964	964
967	964.787	0.4645932	961	965	964	964	964	965	965	965	965	965	965	965	965	965	965
968	965.758	0.5096035	962	966	964	965	965	965	966	966	966	966	966	966	966	966	966
969	966.769	0.4752524	964	967	965	966	966	966	967	967	967	967	967	967	967	967	967
970	967.765	0.4939828	965	968	966	967	967	967	968	968	968	968	968	968	968	968	968
971	968.767	0.47638	966	969	967	968	968	968	969	969	969	969	969	969	969	969	969
972	969.771	0.4502908	968	970	969	969	969	969	970	970	970	970	970	970	970	970	970
973	970.78	0.4536582	969	971	970	970	970	970	971	971	971	971	971	971	971	971	971
974	971.768	0.4800067	969	972	970	971	971	971	972	972	972	972	972	972	972	972	972
975	972.777	0.4852901	970	973	971	972	972	973	973	973	973	973	973	973	973	973	973
976	973.784	0.4685761	971	974	972	973	973	974	974	974	974	974	974	974	974	974	974
977	974.782	0.4546237	972	975	974	974	974	974	975	975	975	975	975	975	975	975	975
978	975.754	0.4936879	973	976	974	975	975	975	976	976	976	976	976	976	976	976	976
979	976.781	0.4661076	974	977	975	976	976	977	977	977	977	977	977	977	977	977	977
980	977.771	0.4783177	976	978	976	977	977	977	978	978	978	978	978	978	978	978	978
981	978.777	0.4598722	977	979	978	978	978	978	979	979	979	979	979	979	979	979	979
982	979.8	0.4291668	978	980	979	979	979	980	980	980	980	980	980	980	980	980	980
983	980.76	0.484391	978	981	979	980	980	980	981	981	981	981	981	981	981	981	981
984	981.752	0.5007462	978	982	980	981	981	981	982	982	982	982	982	982	982	982	982
985	982.791	0.4620958	980	983	981	982	982	983	983	983	983	983	983	983	983	983	983
986	983.775	0.4986217	981	984	982	983	983	984	984	984	984	984	984	984	984	984	984
987	984.782	0.4655026	983	985	983	984	984	985	985	985	985	985	985	985	985	985	985
988	985.784	0.4685761	983	986	984	985	985	986	986	986	986	986	986	986	986	986	986
989	986.806	0.4342264	985	987	986	986	986	987	987	987	987	987	987	987	987	987	987
990	987.761	0.5021266	985	988	986	987	987	987	988	988	988	988	988	988	988	988	988
991	988.779	0.4630047	987	989	987	988	988	988	989	989	989	989	989	989	989	989	989
992	989.768	0.4903228	987	990	988	989	989	989	990	990	990	990	990	990	990	990	990
993	990.82	0.4095946	989	991	990	990	990	991	991	991	991	991	991	991	991	991	991
994	991.759	0.4971581	989	992	990	991	991	991	992	992	992	992	992	992	992	992	992
995	992.788	0.4682684	990	993	991	992	992	993	993	993	993	993	993	993	993	993	993
996	993.78	0.4536582	991	994	993	993	993	993	994	994	994	994	994	994	994	994	994
997	994.756	0.5007142	992	995	993	994	994	994	995	995	995	995	995	995	995	995	995
998	995.765	0.4899133	993	996	994	995	995	995	996	996	996	996	996	996	996	996	996
999	996.752	0.4824197	994	997	995	996	996	996	997	997	997	997	997	997	997	997	997
1000	997.77	0.4746844	995	998	996	997	997	997	998	998	998	998	998	998	998	998	998
