n	avg	sd	min	max	0.02	0.05	0.1	0.2	0.3	0.4	0.5	0.6	0.7	0.8	0.9	0.95	0.97
4	1.169	0.5241314	0	2	0	0	1	1	1	1	1	1	1	2	2	2	2
5	1.803	0.5258017	0	3	1	1	1	1	2	2	2	2	2	2	2	2	3
6	2.51	0.5935084	1	4	1	2	2	2	2	2	3	3	3	3	3	3	3
7	3.183	0.635543	0	4	2	2	2	3	3	3	3	3	4	4	4	4	4
8	3.895	0.6575769	1	5	2	3	3	3	4	4	4	4	4	4	5	5	5
9	4.586	0.6804903	2	6	3	3	4	4	4	4	5	5	5	5	5	6	6
10	5.383	0.7062647	3	7	4	4	4	5	5	5	5	6	6	6	6	6	6
11	6.179	0.7137706	3	8	5	5	5	6	6	6	6	6	7	7	7	7	7
12	6.891	0.7600636	3	9	5	6	6	6	7	7	7	7	7	7	8	8	8
13	7.697	0.7278192	5	9	6	6	7	7	7	8	8	8	8	8	9	9	9
14	8.484	0.7735259	6	10	7	7	8	8	8	8	9	9	9	9	9	10	10
15	9.232	0.8067384	6	11	7	8	8	9	9	9	9	9	10	10	10	10	10
16	10.065	0.8132874	7	12	8	9	9	9	10	10	10	10	11	11	11	11	11
17	10.874	0.8116543	7	13	9	10	10	10	11	11	11	11	11	12	12	12	12
18	11.737	0.8225008	8	13	10	10	11	11	11	12	12	12	12	12	13	13	13
19	12.515	0.8605321	9	14	11	11	11	12	12	12	13	13	13	13	13	14	14
20	13.341	0.8587528	10	15	11	12	12	13	13	13	13	14	14	14	14	15	15
21	14.175	0.8288921	11	16	12	13	13	14	14	14	14	14	15	15	15	15	15
22	14.998	0.8813471	12	17	13	14	14	14	15	15	15	15	16	16	16	16	16
23	15.866	0.8641706	13	18	14	14	15	15	15	16	16	16	16	17	17	17	17
24	16.662	0.8640038	14	18	15	15	16	16	16	17	17	17	17	17	18	18	18
25	17.455	0.8881237	14	20	15	16	16	17	17	17	18	18	18	18	18	19	19
26	18.374	0.9115673	14	21	16	17	17	18	18	18	18	19	19	19	19	20	20
27	19.229	0.9324315	16	22	17	18	18	19	19	19	19	20	20	20	20	20	21
28	20.077	0.9930041	15	23	18	18	19	19	20	20	20	20	21	21	21	21	22
29	20.885	0.9058673	18	23	19	19	20	20	20	21	21	21	21	22	22	22	22
30	21.755	0.9580673	17	24	20	20	21	21	21	22	22	22	22	23	23	23	23
31	22.643	0.9489212	19	25	20	21	21	22	22	22	23	23	23	23	24	24	24
32	23.51	0.952264	20	26	21	22	22	23	23	23	24	24	24	24	25	25	25
33	24.324	0.9777423	21	26	22	23	23	24	24	24	24	25	25	25	25	26	26
34	25.241	0.9787118	22	28	23	24	24	24	25	25	25	26	26	26	26	27	27
35	26.111	0.9755156	22	28	24	24	25	25	26	26	26	26	27	27	27	28	28
36	26.988	1.001428	23	29	25	25	26	26	27	27	27	27	28	28	28	28	28
37	27.821	1.031515	23	30	25	26	27	27	27	28	28	28	28	29	29	29	29
38	28.745	0.9964778	25	31	27	27	27	28	28	29	29	29	29	30	30	30	30
39	29.574	0.9967535	25	32	28	28	28	29	29	29	30	30	30	30	31	31	31
40	30.457	1.021369	27	33	28	29	29	30	30	30	31	31	31	31	32	32	32
41	31.372	0.9780453	27	34	29	30	30	31	31	31	31	32	32	32	32	33	33
42	32.256	0.9856142	28	35	30	31	31	32	32	32	32	33	33	33	33	34	34
43	33.066	1.061495	29	36	31	31	32	32	33	33	33	33	34	34	34	35	35
44	33.985	1.007864	30	36	32	32	33	33	34	34	34	34	35	35	35	35	36
45	34.83	1.022813	31	37	32	33	34	34	34	35	35	35	35	36	36	36	36
46	35.741	1.053104	32	38	33	34	34	35	35	36	36	36	36	37	37	37	37
47	36.63	1.053665	32	40	34	35	35	36	36	36	37	37	37	38	38	38	38
48	37.528	1.076278	34	40	35	36	36	37	37	37	38	38	38	38	39	39	39
49	38.423	1.084088	34	41	36	37	37	38	38	38	39	39	39	39	40	40	40
50	39.301	1.125018	35	42	37	37	38	38	39	39	39	40	40	40	41	41	41
51	40.215	1.067668	36	43	38	38	39	39	40	40	40	41	41	41	41	42	42
52	41.134	1.063567	36	44	39	39	40	40	41	41	41	41	42	42	42	43	43
53	41.934	1.183657	37	45	39	40	40	41	41	42	42	42	43	43	43	44	44
54	42.911	1.111897	39	46	40	41	41	42	42	43	43	43	44	44	44	44	45
55	43.742	1.07731	39	47	41	42	42	43	43	44	44	44	44	45	45	45	45
56	44.576	1.159987	41	47	42	43	43	44	44	44	45	45	45	46	46	46	46
57	45.543	1.153899	40	48	43	44	44	45	45	45	46	46	46	47	47	47	47
58	46.46	1.08054	42	49	44	45	45	46	46	46	47	47	47	47	48	48	48
59	47.411	1.085937	44	50	45	46	46	47	47	47	47	48	48	48	49	49	49
60	48.29	1.125685	43	51	46	46	47	47	48	48	48	49	49	49	50	50	50
61	49.17	1.127107	45	52	47	47	48	48	49	49	49	50	50	50	50	51	51
62	50.091	1.122488	46	53	48	48	49	49	50	50	50	50	51	51	51	52	52
63	51.007	1.125263	46	54	48	49	50	50	50	51	51	51	52	52	52	53	53
64	51.877	1.13453	48	54	49	50	50	51	51	52	52	52	53	53	53	54	54
65	52.834	1.137426	47	56	50	51	51	52	52	53	53	53	53	54	54	55	55
66	53.662	1.098619	49	57	51	52	52	53	53	53	54	54	54	55	55	55	55
67	54.529	1.196909	51	58	52	52	53	54	54	54	55	55	55	56	56	56	56
68	55.424	1.223814	50	58	52	53	54	55	55	55	56	56	56	56	57	57	57
69	56.392	1.158308	51	59	54	54	55	56	56	56	56	57	57	57	58	58	58
70	57.278	1.164505	52	60	55	55	56	56	57	57	57	58	58	58	59	59	59
71	58.219	1.137688	54	61	56	56	57	57	58	58	58	59	59	59	60	60	60
72	59.083	1.145174	54	62	57	57	58	58	59	59	59	59	60	60	60	61	61
73	60.038	1.175559	56	63	57	58	59	59	59	60	60	60	61	61	61	62	62
74	60.925	1.243753	55	64	58	59	59	60	60	61	61	61	62	62	62	63	63
75	61.83	1.222536	57	64	59	60	60	61	61	62	62	62	63	63	63	64	64
76	62.723	1.229546	59	66	60	61	61	62	62	62	63	63	63	64	64	64	65
77	63.68	1.216997	59	67	61	62	62	63	63	63	64	64	64	65	65	65	66
78	64.537	1.265002	60	68	62	62	63	64	64	64	65	65	65	66	66	66	67
79	65.491	1.222871	61	68	63	63	64	65	65	65	66	66	66	67	67	67	67
80	66.423	1.20396	63	69	64	64	65	65	66	66	67	67	67	67	68	68	68
81	67.32	1.23496	62	70	64	65	66	66	67	67	67	68	68	68	69	69	69
82	68.225	1.187344	64	71	66	66	67	67	68	68	68	69	69	69	70	70	70
83	69.228	1.192241	65	72	67	67	68	68	69	69	69	70	70	70	71	71	71
84	70.034	1.231406	64	73	67	68	68	69	69	70	70	70	71	71	71	72	72
85	70.929	1.226158	65	74	68	69	69	70	70	71	71	71	72	72	72	73	73
86	71.868	1.244236	66	75	69	70	70	71	71	72	72	72	73	73	73	74	74
87	72.801	1.192821	67	76	70	71	71	72	72	73	73	73	73	74	74	75	75
88	73.634	1.2408	70	76	71	71	72	73	73	73	74	74	74	75	75	75	76
89	74.576	1.223814	71	78	72	72	73	74	74	74	75	75	75	76	76	76	77
90	75.513	1.255152	69	78	73	73	74	75	75	75	76	76	76	77	77	77	77
91	76.458	1.269586	72	79	74	74	75	75	76	76	77	77	77	78	78	78	78
92	77.358	1.261518	72	81	75	75	76	76	77	77	77	78	78	78	79	79	79
93	78.272	1.249631	73	82	75	76	77	77	78	78	78	79	79	79	80	80	80
94	79.182	1.26589	74	82	76	77	78	78	79	79	79	80	80	80	81	81	81
95	80.205	1.237945	76	83	77	78	79	79	80	80	80	81	81	81	82	82	82
96	81.082	1.29806	77	84	78	79	79	80	80	81	81	81	82	82	83	83	83
97	82.034	1.233031	77	85	79	80	80	81	82	82	82	82	83	83	84	84	84
98	82.969	1.239991	77	86	80	81	81	82	82	83	83	83	84	84	84	85	85
99	83.823	1.298213	79	87	81	82	82	83	83	84	84	84	85	85	85	86	86
100	84.7	1.27892	79	88	82	82	83	84	84	85	85	85	85	86	86	87	87
101	85.621	1.292683	80	89	83	83	84	85	85	85	86	86	86	87	87	88	88
102	86.616	1.27835	82	90	84	84	85	86	86	86	87	87	87	88	88	88	89
103	87.582	1.238875	83	91	85	85	86	87	87	87	88	88	88	89	89	89	89
104	88.447	1.291844	84	92	85	86	87	87	88	88	89	89	89	89	90	90	91
105	89.359	1.306838	85	93	87	87	88	88	89	89	89	90	90	90	91	91	92
106	90.382	1.263991	86	94	87	88	89	89	90	90	90	91	91	91	92	92	92
107	91.274	1.33368	87	95	88	89	90	90	91	91	91	92	92	92	93	93	93
108	92.168	1.308238	87	95	89	90	90	91	92	92	92	93	93	93	94	94	94
109	93.089	1.297213	88	96	90	91	91	92	92	93	93	94	94	94	95	95	95
110	93.992	1.311356	89	97	91	92	92	93	93	94	94	94	95	95	96	96	96
111	94.952	1.314315	90	98	92	93	93	94	94	95	95	95	96	96	97	97	97
112	95.906	1.344236	90	99	93	94	94	95	95	96	96	96	97	97	97	98	98
113	96.821	1.277729	92	100	94	95	95	96	96	97	97	97	98	98	98	99	99
114	97.734	1.339043	93	101	95	95	96	97	97	97	98	98	99	99	99	100	100
115	98.63	1.332995	94	102	96	96	97	98	98	98	99	99	99	100	100	101	101
116	99.538	1.374935	93	103	96	97	98	99	99	99	100	100	100	101	101	102	102
117	100.556	1.341142	95	104	98	98	99	100	100	100	101	101	101	102	102	103	103
118	101.46	1.36171	96	105	99	99	100	100	101	101	102	102	102	103	103	103	104
119	102.385	1.355955	98	105	99	100	101	101	102	102	103	103	103	103	104	104	105
120	103.264	1.328936	98	107	100	101	102	102	103	103	103	104	104	104	105	105	105
121	104.238	1.37377	99	108	101	102	103	103	104	104	104	105	105	105	106	106	106
122	105.162	1.326467	101	109	102	103	103	104	105	105	105	106	106	106	107	107	107
123	106.156	1.365111	100	109	103	104	104	105	106	106	106	107	107	107	108	108	108
124	107.043	1.317151	103	111	104	105	105	106	106	107	107	107	108	108	109	109	109
125	107.824	1.377288	101	111	105	105	106	107	107	108	108	108	109	109	109	110	110
126	108.927	1.312781	104	112	106	107	107	108	108	109	109	109	110	110	111	111	111
127	109.779	1.303786	106	113	107	107	108	109	109	109	110	110	111	111	111	112	112
128	110.774	1.358223	106	114	108	108	109	110	110	111	111	111	112	112	112	113	113
129	111.652	1.362627	107	115	108	109	110	111	111	111	112	112	112	113	113	114	114
130	112.608	1.346904	107	116	110	110	111	112	112	112	113	113	113	114	114	115	115
131	113.515	1.404902	109	117	110	111	112	112	113	113	114	114	114	115	115	116	116
132	114.434	1.332449	109	118	112	112	113	113	114	114	114	115	115	116	116	116	117
133	115.427	1.393777	109	119	112	113	114	114	115	115	116	116	116	117	117	118	118
134	116.412	1.336429	112	121	113	114	115	115	116	116	116	117	117	118	118	118	119
135	117.293	1.334516	113	121	114	115	116	116	117	117	117	118	118	118	119	119	119
136	118.174	1.402744	113	122	115	116	116	117	118	118	118	119	119	119	120	120	121
137	119.201	1.365454	115	123	116	117	117	118	119	119	119	120	120	120	121	121	122
138	120.138	1.343414	114	124	117	118	118	119	120	120	120	121	121	121	122	122	122
139	121.013	1.332894	116	124	118	119	119	120	120	121	121	121	122	122	123	123	123
140	122.006	1.360079	117	125	119	120	120	121	121	122	122	122	123	123	124	124	124
141	122.85	1.428825	118	126	119	120	121	122	122	123	123	123	124	124	125	125	125
142	123.859	1.351646	119	127	121	121	122	123	123	124	124	124	125	125	125	126	126
143	124.798	1.411804	119	128	121	122	123	124	124	125	125	125	126	126	126	127	127
144	125.715	1.383361	121	130	123	123	124	125	125	125	126	126	126	127	127	128	128
145	126.643	1.43304	122	130	123	124	125	126	126	126	127	127	127	128	128	129	129
146	127.557	1.410936	121	131	124	125	126	126	127	127	128	128	128	129	129	130	130
147	128.518	1.385495	124	133	125	126	127	127	128	128	129	129	129	130	130	131	131
148	129.526	1.359843	125	133	126	127	128	128	129	129	130	130	130	131	131	131	132
149	130.398	1.42254	125	134	127	128	129	129	130	130	130	131	131	132	132	132	133
150	131.273	1.369798	126	135	128	129	130	130	131	131	131	132	132	132	133	133	134
151	132.303	1.408252	126	137	129	130	130	131	132	132	132	133	133	133	134	134	135
152	133.217	1.392785	128	137	130	131	131	132	133	133	133	134	134	134	135	135	136
153	134.221	1.444384	128	138	131	132	132	133	134	134	134	135	135	135	136	136	137
154	135.047	1.398838	130	139	132	133	133	134	134	135	135	135	136	136	137	137	137
155	135.974	1.425958	130	139	133	133	134	135	135	136	136	136	137	137	138	138	138
156	136.945	1.452613	131	141	134	135	135	136	136	137	137	137	138	138	139	139	139
157	137.895	1.373266	131	142	135	136	136	137	137	138	138	138	139	139	140	140	140
158	138.703	1.405976	133	142	135	136	137	138	138	138	139	139	140	140	140	141	141
159	139.82	1.421837	134	144	136	137	138	139	139	140	140	140	141	141	141	142	142
160	140.675	1.435073	135	144	137	138	139	140	140	140	141	141	141	142	142	143	143
161	141.655	1.453302	134	145	139	139	140	140	141	141	142	142	142	143	143	144	144
162	142.564	1.380511	137	146	139	140	141	141	142	142	143	143	143	144	144	145	145
163	143.495	1.402834	139	148	140	141	142	142	143	143	144	144	144	145	145	146	146
164	144.468	1.425134	139	148	141	142	143	143	144	144	145	145	145	146	146	147	147
165	145.356	1.504502	140	149	142	143	143	144	145	145	145	146	146	147	147	148	148
166	146.24	1.424932	140	150	143	144	144	145	146	146	146	147	147	147	148	148	149
167	147.214	1.42767	143	151	144	145	145	146	147	147	147	148	148	148	149	149	150
168	148.236	1.479355	143	152	145	146	146	147	148	148	148	149	149	149	150	150	151
169	149.161	1.41601	143	153	146	147	147	148	149	149	149	150	150	150	151	151	152
170	150.083	1.442981	145	153	147	147	148	149	149	150	150	151	151	151	152	152	152
171	151.094	1.476938	146	155	148	148	149	150	150	151	151	152	152	152	153	153	154
172	151.989	1.466639	147	156	149	149	150	151	151	152	152	152	153	153	154	154	154
173	152.959	1.457204	147	157	150	151	151	152	152	153	153	153	154	154	155	155	155
174	153.864	1.489202	148	158	150	151	152	153	153	154	154	154	155	155	156	156	156
175	154.842	1.411747	150	159	152	152	153	154	154	155	155	155	156	156	157	157	157
176	155.71	1.481923	151	159	152	153	154	155	155	156	156	156	156	157	158	158	158
177	156.689	1.468481	151	160	153	154	155	155	156	156	157	157	158	158	159	159	159
178	157.608	1.434711	152	162	155	155	156	156	157	157	158	158	158	159	159	160	160
179	158.585	1.422955	154	163	155	156	157	157	158	158	159	159	159	160	160	161	161
180	159.627	1.391333	155	164	157	157	158	158	159	159	160	160	160	161	161	162	162
181	160.476	1.425993	155	164	157	158	159	159	160	160	161	161	161	162	162	163	163
182	161.433	1.42251	156	166	158	159	159	160	161	161	162	162	162	163	163	163	164
183	162.337	1.555587	157	166	159	159	160	161	162	162	162	163	163	164	164	165	165
184	163.331	1.465465	157	167	160	161	161	162	163	163	163	164	164	165	165	165	166
185	164.183	1.472984	158	169	161	162	162	163	164	164	164	165	165	165	166	166	167
186	165.195	1.477551	160	169	162	163	163	164	165	165	165	166	166	166	167	167	168
187	166.02	1.423245	161	170	163	164	164	165	165	166	166	166	167	167	168	168	168
188	167.052	1.557473	160	171	163	164	165	166	166	167	167	168	168	168	169	169	170
189	168.009	1.383052	163	172	165	166	166	167	167	168	168	168	169	169	170	170	170
190	169.08	1.45455	163	173	166	166	167	168	168	169	169	170	170	170	171	171	171
191	169.929	1.546075	164	174	166	167	168	169	169	170	170	170	171	171	172	172	172
192	170.877	1.472426	166	175	168	168	169	170	170	171	171	171	172	172	173	173	173
193	171.826	1.453904	165	176	168	169	170	171	171	172	172	172	173	173	174	174	174
194	172.718	1.458974	168	176	170	170	171	172	172	172	173	173	174	174	175	175	175
195	173.8	1.481957	168	177	171	171	172	173	173	174	174	174	175	175	176	176	176
196	174.624	1.462451	168	178	171	172	173	174	174	174	175	175	175	176	176	177	177
197	175.596	1.507002	169	180	172	173	174	174	175	175	176	176	176	177	177	178	178
198	176.547	1.502681	171	181	173	174	175	175	176	176	177	177	177	178	178	179	179
199	177.42	1.524442	171	181	174	175	175	176	177	177	178	178	178	179	179	180	180
200	178.37	1.517697	173	182	175	176	176	177	178	178	178	179	179	180	180	181	181
201	179.319	1.527604	174	183	176	177	177	178	179	179	179	180	180	181	181	182	182
202	180.308	1.495116	174	184	177	178	178	179	180	180	180	181	181	182	182	183	183
203	181.281	1.532445	175	186	178	179	179	180	181	181	181	182	182	183	183	183	184
204	182.159	1.496649	177	186	179	180	180	181	181	182	182	183	183	183	184	184	185
205	183.132	1.489562	177	187	180	181	181	182	183	183	183	184	184	184	185	185	186
206	184.124	1.496283	178	188	181	182	182	183	183	184	184	185	185	185	186	186	187
207	184.971	1.54614	180	189	181	182	183	184	184	185	185	185	186	186	187	187	188
208	186.045	1.473481	181	190	183	184	184	185	185	186	186	186	187	187	188	188	189
209	186.927	1.55952	181	191	183	184	185	186	186	187	187	187	188	188	189	189	190
210	187.91	1.549936	182	192	184	185	186	187	187	188	188	188	189	189	190	190	190
211	188.755	1.509057	183	193	185	186	187	188	188	188	189	189	190	190	191	191	191
212	189.789	1.535851	184	194	186	187	188	189	189	189	190	190	191	191	192	192	192
213	190.642	1.531072	185	195	187	188	189	190	190	190	191	191	191	192	192	193	193
214	191.596	1.580912	186	196	188	189	190	190	191	191	192	192	192	193	194	194	194
215	192.694	1.557816	187	196	189	190	191	191	192	192	193	193	194	194	195	195	195
216	193.573	1.481508	188	198	190	191	192	192	193	193	194	194	194	195	195	196	196
217	194.505	1.479921	189	198	191	192	193	193	194	194	195	195	195	196	196	197	197
218	195.393	1.4996	189	199	192	193	193	194	195	195	195	196	196	197	197	198	198
219	196.364	1.507905	190	200	193	194	195	195	196	196	197	197	197	198	198	199	199
220	197.432	1.539398	191	202	194	195	195	196	197	197	198	198	198	199	199	200	200
221	198.276	1.482573	193	202	195	196	196	197	198	198	198	199	199	199	200	200	201
222	199.227	1.588709	194	204	195	196	197	198	199	199	199	200	200	201	201	201	202
223	200.23	1.520333	195	204	197	198	198	199	200	200	200	201	201	201	202	202	203
224	201.051	1.561037	194	206	198	198	199	200	200	201	201	201	202	202	203	204	204
225	202.041	1.539379	196	206	199	199	200	201	201	202	202	202	203	203	204	205	205
226	203.02	1.520497	197	207	200	200	201	202	202	203	203	204	204	204	205	205	205
227	203.937	1.541885	199	208	201	201	202	203	203	204	204	204	205	205	206	206	207
228	204.946	1.541253	197	209	202	202	203	204	204	205	205	205	206	206	207	207	208
229	205.971	1.592701	200	210	202	203	204	205	205	206	206	206	207	207	208	208	209
230	206.802	1.595413	201	211	203	204	205	206	206	207	207	207	208	208	209	209	209
231	207.757	1.600785	201	212	204	205	206	206	207	207	208	208	209	209	210	210	210
232	208.764	1.597766	201	213	205	206	207	208	208	209	209	209	210	210	211	211	211
233	209.706	1.565891	203	214	206	207	208	208	209	209	210	210	211	211	212	212	212
234	210.62	1.53426	204	214	207	208	209	209	210	210	211	211	211	212	212	213	213
235	211.546	1.538262	206	215	208	209	210	210	211	211	212	212	212	213	213	214	214
236	212.511	1.573008	207	217	209	210	210	211	212	212	213	213	213	214	214	215	215
237	213.586	1.534588	207	218	210	211	212	212	213	213	214	214	214	215	215	216	216
238	214.442	1.573249	208	218	211	212	212	213	214	214	215	215	215	216	216	217	217
239	215.301	1.592148	210	219	212	213	213	214	215	215	215	216	216	217	217	218	218
240	216.392	1.537758	210	220	213	214	214	215	216	216	217	217	217	218	218	219	219
241	217.241	1.531426	212	222	214	215	215	216	217	217	217	218	218	219	219	220	220
242	218.228	1.570504	213	222	215	215	216	217	218	218	218	219	219	220	220	221	221
243	219.15	1.568426	213	224	216	216	217	218	218	219	219	220	220	220	221	222	222
244	220.082	1.533502	213	224	217	217	218	219	219	220	220	220	221	221	222	222	223
245	221.108	1.621408	215	226	217	218	219	220	220	221	221	222	222	222	223	224	224
246	222.068	1.596222	216	227	218	219	220	221	221	222	222	223	223	223	224	224	225
247	223.027	1.636138	217	227	219	220	221	222	222	223	223	224	224	224	225	225	226
248	223.943	1.634755	219	228	220	221	222	223	223	224	224	224	225	225	226	226	227
249	224.941	1.637131	218	230	221	222	223	224	224	225	225	225	226	226	227	227	228
250	225.781	1.612339	220	230	222	223	224	224	225	225	226	226	227	227	228	228	229
251	226.788	1.664279	219	231	223	224	225	225	226	227	227	227	228	228	229	229	229
252	227.834	1.537793	223	232	224	225	226	227	227	228	228	228	229	229	230	230	230
253	228.809	1.522116	224	233	226	226	227	228	228	229	229	229	230	230	231	231	231
254	229.691	1.598147	224	234	226	227	228	228	229	229	230	230	231	231	232	232	232
255	230.658	1.575283	224	235	227	228	229	229	230	230	231	231	232	232	233	233	233
256	231.54	1.596543	226	235	228	229	229	230	231	231	232	232	232	233	233	234	234
257	232.559	1.638048	227	237	229	230	230	231	232	232	233	233	234	234	235	235	235
258	233.52	1.583701	227	238	230	231	231	232	233	233	234	234	234	235	235	236	236
259	234.392	1.587721	228	239	231	232	232	233	234	234	234	235	235	236	236	237	237
260	235.369	1.560537	229	239	232	233	233	234	235	235	235	236	236	237	237	238	238
261	236.326	1.585635	231	240	233	234	234	235	236	236	236	237	237	238	238	239	239
262	237.338	1.571695	231	241	234	235	235	236	237	237	237	238	238	239	239	240	240
263	238.242	1.610599	231	243	235	235	236	237	237	238	238	239	239	240	240	241	241
264	239.22	1.605047	233	244	236	236	237	238	238	239	239	240	240	241	241	242	242
265	240.122	1.641893	232	245	237	237	238	239	239	240	240	241	241	242	242	243	243
266	241.127	1.525516	236	245	238	239	239	240	240	241	241	242	242	242	243	243	244
267	242.064	1.563441	236	247	239	239	240	241	241	242	242	242	243	243	244	244	245
268	242.962	1.649023	236	248	239	240	241	242	242	243	243	243	244	244	245	245	246
269	243.941	1.565238	239	248	240	241	242	243	243	244	244	244	245	245	246	246	246
270	244.892	1.583933	239	248	241	242	243	244	244	245	245	245	246	246	247	247	247
271	245.916	1.630829	239	250	242	243	244	245	245	246	246	246	247	247	248	248	249
272	246.744	1.569372	240	251	243	244	245	245	246	246	247	247	248	248	249	249	249
273	247.695	1.679522	241	252	244	245	246	246	247	247	248	248	249	249	250	250	250
274	248.858	1.569171	243	253	245	246	247	248	248	249	249	249	250	250	251	251	251
275	249.762	1.609331	243	254	246	247	248	249	249	249	250	250	251	251	252	252	252
276	250.568	1.649878	244	255	247	248	248	249	250	250	251	251	251	252	253	253	253
277	251.569	1.633986	245	257	248	249	249	250	251	251	252	252	253	253	253	254	254
278	252.497	1.648244	247	257	248	250	250	251	252	252	253	253	253	254	254	255	255
279	253.482	1.616257	247	258	250	251	251	252	253	253	254	254	254	255	255	256	256
280	254.532	1.599855	249	258	250	252	252	253	254	254	255	255	255	256	256	257	257
281	255.408	1.583048	248	259	252	253	253	254	255	255	255	256	256	257	257	258	258
282	256.428	1.598553	250	260	253	254	254	255	256	256	257	257	257	258	258	259	259
283	257.389	1.598197	252	261	254	255	255	256	257	257	258	258	258	259	259	260	260
284	258.26	1.652008	251	263	255	256	256	257	257	258	258	259	259	260	260	261	261
285	259.182	1.596065	254	263	256	256	257	258	258	259	259	260	260	261	261	262	262
286	260.264	1.57187	255	265	257	258	258	259	259	260	260	261	261	262	262	263	263
287	261.143	1.589679	255	265	258	258	259	260	260	261	261	262	262	262	263	264	264
288	262.184	1.67659	256	267	259	259	260	261	261	262	262	263	263	264	264	265	265
289	263.008	1.670547	257	267	259	260	261	262	262	263	263	263	264	264	265	265	266
290	264.035	1.608217	258	268	260	261	262	263	263	264	264	264	265	265	266	267	267
291	265.029	1.6195	259	270	261	262	263	264	264	265	265	266	266	266	267	268	268
292	265.924	1.654376	260	270	262	263	264	265	265	266	266	266	267	267	268	268	269
293	266.912	1.64285	259	272	263	264	265	266	266	267	267	267	268	268	269	269	270
294	267.839	1.636385	261	273	264	265	266	267	267	267	268	268	269	269	270	270	271
295	268.808	1.654047	263	273	265	266	267	267	268	269	269	269	270	270	271	271	272
296	269.768	1.599605	264	275	266	267	268	268	269	269	270	270	271	271	272	272	273
297	270.632	1.671338	264	275	267	268	268	269	270	270	271	271	272	272	273	273	273
298	271.624	1.700446	265	276	268	269	269	270	271	271	272	272	273	273	274	274	275
299	272.67	1.550969	267	277	269	270	271	271	272	272	273	273	273	274	275	275	275
300	273.634	1.637292	268	278	270	271	272	272	273	273	274	274	275	275	276	276	276
301	274.494	1.726541	268	279	271	271	272	273	274	274	275	275	275	276	277	277	277
302	275.393	1.676115	269	280	271	273	273	274	275	275	275	276	276	277	277	278	278
303	276.429	1.610451	269	281	273	274	274	275	276	276	277	277	277	278	278	279	279
304	277.457	1.636101	270	282	274	275	275	276	277	277	278	278	278	279	279	280	280
305	278.366	1.613892	271	282	275	276	276	277	278	278	278	279	279	280	280	281	281
306	279.227	1.691251	270	283	276	276	277	278	278	279	279	280	280	281	281	282	282
307	280.183	1.689487	274	284	276	277	278	279	279	280	280	281	281	282	282	283	283
308	281.159	1.621218	275	286	277	278	279	280	280	281	281	282	282	283	283	284	284
309	282.137	1.681386	275	286	279	279	280	281	281	282	282	283	283	284	284	285	285
310	283.156	1.57929	277	287	280	280	281	282	282	283	283	284	284	284	285	286	286
311	284.079	1.683328	279	289	280	281	282	283	283	284	284	285	285	285	286	287	287
312	285.116	1.709815	279	290	281	282	283	284	284	285	285	286	286	287	287	288	288
313	285.978	1.699531	281	291	282	283	284	284	285	286	286	287	287	287	288	289	289
314	286.903	1.696015	280	292	283	284	285	286	286	287	287	287	288	288	289	290	290
315	287.902	1.711527	280	292	284	285	286	287	287	288	288	288	289	289	290	291	291
316	288.789	1.640479	283	294	285	286	287	288	288	288	289	289	290	290	291	291	292
317	289.728	1.75188	283	294	286	287	287	288	289	290	290	290	291	291	292	292	293
318	290.734	1.66012	286	295	287	288	289	289	290	290	291	291	292	292	293	293	294
319	291.767	1.687471	285	297	288	289	290	290	291	292	292	292	293	293	294	294	294
320	292.711	1.554959	288	297	289	290	291	291	292	292	293	293	294	294	295	295	295
321	293.547	1.688384	288	299	290	290	291	292	293	293	294	294	294	295	296	296	296
322	294.577	1.678955	287	299	291	292	293	293	294	294	295	295	295	296	297	297	298
323	295.495	1.751869	289	300	291	292	293	294	295	295	296	296	296	297	298	298	298
324	296.467	1.692269	291	301	292	293	294	295	296	296	297	297	297	298	298	299	299
325	297.48	1.761449	289	302	293	294	295	296	297	297	298	298	298	299	300	300	300
326	298.412	1.673636	293	303	295	295	296	297	298	298	299	299	299	300	300	301	301
327	299.457	1.691453	294	304	296	297	297	298	299	299	300	300	300	301	302	302	302
328	300.441	1.661108	294	305	297	298	298	299	300	300	301	301	301	302	302	303	303
329	301.323	1.731378	294	305	297	298	299	300	300	301	301	302	302	303	303	304	304
330	302.236	1.639815	296	307	298	299	300	301	302	302	302	303	303	304	304	305	305
331	303.262	1.618015	298	308	300	301	301	302	302	303	303	304	304	305	305	306	306
332	304.228	1.681917	298	308	300	301	302	303	304	304	304	305	305	306	306	307	307
333	305.068	1.777227	299	310	301	302	303	304	304	305	305	306	306	307	307	308	308
334	306.133	1.737334	300	310	302	303	304	305	305	306	306	307	307	308	308	309	309
335	306.993	1.751005	301	313	303	304	305	306	306	307	307	308	308	308	309	310	310
336	308.095	1.674748	303	313	304	305	306	307	307	308	308	309	309	309	310	311	311
337	308.952	1.728781	303	314	305	306	307	308	308	309	309	309	310	310	311	312	312
338	309.826	1.787994	300	315	306	307	308	308	309	310	310	310	311	311	312	312	313
339	310.892	1.776934	304	315	307	308	309	309	310	311	311	311	312	312	313	314	314
340	311.798	1.760197	305	316	308	309	309	310	311	311	312	312	313	313	314	315	315
341	312.763	1.75097	306	317	309	310	311	311	312	312	313	313	314	314	315	315	316
342	313.808	1.640679	307	318	310	311	312	312	313	313	314	314	315	315	316	316	317
343	314.708	1.75722	309	319	311	312	312	313	314	314	315	315	316	316	317	317	318
344	315.693	1.735443	310	321	312	313	314	314	315	315	316	316	317	317	318	318	319
345	316.702	1.726898	310	321	313	314	314	315	316	316	317	317	318	318	319	319	319
346	317.651	1.714683	311	322	313	315	316	316	317	317	318	318	319	319	320	320	321
347	318.601	1.703144	312	323	315	316	316	317	318	318	319	319	320	320	321	321	321
348	319.463	1.700448	312	324	316	317	317	318	319	319	320	320	320	321	322	322	322
349	320.553	1.690577	314	325	317	318	318	319	320	320	321	321	322	322	323	323	323
350	321.429	1.64489	314	326	318	319	319	320	321	321	322	322	322	323	323	324	324
351	322.351	1.700203	316	326	318	319	320	321	322	322	323	323	323	324	324	325	325
352	323.364	1.688892	317	328	320	321	321	322	323	323	323	324	324	325	325	326	326
353	324.25	1.81074	317	329	320	321	322	323	323	324	324	325	325	326	327	327	327
354	325.209	1.769873	319	330	321	322	323	324	324	325	325	326	326	327	327	328	328
355	326.231	1.762596	321	333	323	323	324	325	325	326	326	327	327	328	328	329	329
356	327.175	1.74454	321	332	323	324	325	326	326	327	327	328	328	329	329	330	330
357	328.229	1.752036	322	333	324	325	326	327	327	328	328	329	329	330	330	331	331
358	329.066	1.729924	323	334	325	326	327	328	328	329	329	330	330	330	331	332	332
359	330.067	1.769079	324	334	326	327	328	329	329	330	330	331	331	332	332	333	333
360	331.012	1.767762	324	335	327	328	329	330	330	331	331	332	332	332	333	334	334
361	332.015	1.743506	323	338	328	329	330	331	331	332	332	333	333	333	334	335	335
362	332.976	1.738518	325	337	329	330	331	332	332	333	333	334	334	334	335	336	336
363	333.902	1.745693	328	338	330	331	332	333	333	334	334	334	335	335	336	337	337
364	334.889	1.713948	328	340	331	332	333	334	334	335	335	335	336	336	337	338	338
365	335.848	1.701114	329	340	332	333	334	335	335	336	336	336	337	337	338	338	339
366	336.721	1.771524	331	341	332	334	334	335	336	336	337	337	338	338	339	339	340
367	337.733	1.749506	332	344	334	335	335	336	337	337	338	338	339	339	340	340	341
368	338.757	1.701425	333	343	335	336	337	337	338	338	339	339	340	340	341	341	342
369	339.693	1.749231	333	344	336	337	337	338	339	339	340	340	341	341	342	342	343
370	340.596	1.694005	334	345	337	338	338	339	340	340	341	341	342	342	343	343	344
371	341.627	1.692553	335	346	338	339	339	340	341	341	342	342	343	343	344	344	344
372	342.613	1.813428	336	348	339	339	340	341	342	342	343	343	344	344	345	345	346
373	343.534	1.741803	337	349	339	341	341	342	343	343	344	344	344	345	346	346	346
374	344.463	1.784886	338	349	341	341	342	343	344	344	345	345	345	346	347	347	348
375	345.518	1.775621	339	351	342	342	343	344	345	345	346	346	346	347	348	348	349
376	346.403	1.727882	338	351	342	344	344	345	346	346	347	347	347	348	348	349	349
377	347.336	1.711149	340	352	343	344	345	346	347	347	347	348	348	349	349	350	350
378	348.368	1.747464	342	353	344	345	346	347	347	348	348	349	349	350	350	351	351
379	349.228	1.739265	343	354	345	346	347	348	348	349	349	350	350	351	351	352	352
380	350.165	1.725907	344	355	346	347	348	349	349	350	350	351	351	352	352	353	353
381	351.219	1.840224	344	357	347	348	349	350	350	351	351	352	352	353	353	354	354
382	352.232	1.754781	345	358	349	349	350	351	351	352	352	353	353	354	354	355	355
383	353.113	1.733562	346	357	349	350	351	352	352	353	353	354	354	355	355	356	356
384	354.006	1.735216	347	358	350	351	352	353	353	354	354	355	355	355	356	357	357
385	355.08	1.756327	348	359	351	352	353	354	354	355	355	356	356	357	357	358	358
386	355.988	1.768894	349	361	352	353	354	355	355	356	356	357	357	357	358	359	359
387	356.935	1.804448	350	362	353	354	355	356	356	357	357	357	358	358	359	360	360
388	358.008	1.762113	351	363	354	355	356	357	357	358	358	359	359	360	360	361	361
389	358.803	1.80262	352	364	355	356	356	357	358	358	359	359	360	360	361	362	362
390	359.889	1.62583	354	364	356	357	358	359	359	360	360	360	361	361	362	362	363
391	360.871	1.727235	355	366	357	358	359	360	360	361	361	361	362	362	363	364	364
392	361.791	1.78788	356	366	358	359	359	360	361	361	362	362	363	363	364	364	365
393	362.621	1.83268	357	368	358	359	360	361	362	362	363	363	364	364	365	365	366
394	363.701	1.720628	358	370	360	361	362	362	363	363	364	364	365	365	366	366	367
395	364.711	1.74715	358	370	360	362	363	363	364	364	365	365	366	366	367	367	368
396	365.6	1.75473	360	371	362	363	363	364	365	365	366	366	367	367	368	368	369
397	366.632	1.788792	360	372	363	364	364	365	366	366	367	367	368	368	369	369	370
398	367.553	1.743626	361	372	364	364	365	366	367	367	368	368	369	369	370	370	370
399	368.527	1.762492	363	374	364	365	366	367	368	368	369	369	370	370	371	371	371
400	369.417	1.753335	362	375	366	367	367	368	369	369	369	370	370	371	371	372	373
401	370.409	1.86365	364	375	366	367	368	369	370	370	370	371	371	372	373	373	374
402	371.501	1.800344	365	377	368	368	369	370	371	371	372	372	373	373	374	374	375
403	372.351	1.779035	365	377	368	369	370	371	372	372	372	373	373	374	375	375	375
404	373.4	1.73926	367	379	370	371	371	372	373	373	373	374	374	375	376	376	376
405	374.257	1.781046	368	379	370	371	372	373	373	374	374	375	375	376	376	377	377
406	375.287	1.746333	368	381	371	372	373	374	375	375	375	376	376	377	377	378	378
407	376.167	1.798429	370	381	372	373	374	375	375	376	376	377	377	378	378	379	379
408	377.148	1.861064	371	382	373	374	375	376	376	377	377	378	378	379	379	380	380
409	378.206	1.778968	371	383	374	375	376	377	377	378	378	379	379	380	380	381	381
410	379.032	1.787784	372	383	375	376	377	378	378	379	379	380	380	381	381	382	382
411	380.123	1.773419	375	385	376	377	378	379	379	380	380	381	381	382	382	383	383
412	380.993	1.881087	373	386	376	378	379	380	380	381	381	382	382	383	383	384	384
413	381.998	1.757579	375	387	378	379	380	381	381	382	382	383	383	383	384	385	385
414	382.988	1.820211	376	388	379	380	381	382	382	383	383	384	384	384	385	386	386
415	383.893	1.713034	377	388	380	381	382	383	383	384	384	384	385	385	386	386	387
416	384.887	1.769566	380	390	381	382	383	383	384	385	385	385	386	386	387	388	388
417	385.793	1.736423	380	391	382	383	384	384	385	386	386	386	387	387	388	388	389
418	386.733	1.767154	380	391	383	384	384	385	386	386	387	387	388	388	389	389	390
419	387.681	1.826081	381	393	384	385	385	386	387	387	388	388	389	389	390	390	391
420	388.643	1.754032	382	393	385	386	386	387	388	388	389	389	390	390	391	391	392
421	389.737	1.764921	383	394	386	387	387	388	389	389	390	390	391	391	392	392	393
422	390.692	1.778848	383	395	387	388	388	389	390	390	391	391	392	392	393	393	394
423	391.659	1.768572	385	396	388	389	389	390	391	391	392	392	393	393	394	394	395
424	392.665	1.844499	387	397	389	389	390	391	392	392	393	393	394	394	395	395	396
425	393.541	1.85951	386	398	389	390	391	392	393	393	394	394	395	395	396	396	397
426	394.501	1.826838	388	399	391	391	392	393	394	394	395	395	396	396	397	397	398
427	395.38	1.84635	388	401	391	392	393	394	395	395	396	396	396	397	398	398	398
428	396.426	1.875111	388	402	392	393	394	395	396	396	397	397	397	398	399	399	400
429	397.325	1.789575	390	402	393	394	395	396	397	397	397	398	398	399	399	400	401
430	398.373	1.750124	391	403	395	395	396	397	398	398	398	399	399	400	401	401	401
431	399.387	1.838644	392	404	395	396	397	398	398	399	400	400	400	401	402	402	403
432	400.219	1.779383	392	405	397	397	398	399	399	400	400	401	401	402	402	403	403
433	401.164	1.819454	394	406	397	398	399	400	400	401	401	402	402	403	403	404	404
434	402.168	1.843685	396	408	398	399	400	401	401	402	402	403	403	404	404	405	405
435	403.176	1.833135	395	408	399	400	401	402	402	403	403	404	404	405	405	406	406
436	404.029	1.772371	398	408	400	401	402	403	403	404	404	405	405	406	406	407	407
437	405.075	1.811811	397	411	401	402	403	404	404	405	405	406	406	406	407	408	408
438	405.973	1.90733	394	411	402	403	404	405	405	406	406	407	407	407	408	409	409
439	406.948	1.830477	400	412	403	404	405	405	406	407	407	408	408	409	409	410	410
440	407.992	1.733477	402	412	404	405	406	407	407	408	408	408	409	409	410	411	411
441	408.914	1.7994	401	414	405	406	407	407	408	409	409	409	410	410	411	412	412
442	409.935	1.827598	403	416	406	407	408	408	409	410	410	410	411	412	412	413	413
443	410.908	1.881775	405	416	407	408	408	409	410	410	411	412	412	413	413	414	414
444	411.791	1.851688	403	417	408	409	409	410	411	411	412	412	413	413	414	415	415
445	412.787	1.818499	407	418	408	410	411	411	412	412	413	413	414	414	415	416	416
446	413.839	1.822746	406	419	410	411	411	412	413	413	414	414	415	415	416	417	417
447	414.668	1.767173	409	419	411	412	412	413	414	414	415	415	416	416	417	417	418
448	415.615	1.834705	408	420	412	413	413	414	415	415	416	416	417	417	418	418	419
449	416.652	1.754416	408	421	413	414	414	415	416	416	417	417	418	418	419	419	420
450	417.705	1.826283	411	422	414	415	415	416	417	417	418	418	419	419	420	420	421
451	418.649	1.807503	412	423	415	416	416	417	418	418	419	419	420	420	421	421	422
452	419.511	1.876006	412	424	415	416	417	418	419	419	420	420	421	421	422	422	423
453	420.53	1.864021	413	426	416	417	418	419	420	420	421	421	422	422	423	423	424
454	421.527	1.873174	416	427	417	418	419	420	421	421	422	422	423	423	424	424	425
455	422.42	1.895572	411	428	418	419	420	421	422	422	423	423	423	424	425	425	426
456	423.45	1.816811	417	429	420	420	421	422	423	423	424	424	424	425	426	426	426
457	424.421	1.776771	417	429	421	421	422	423	424	424	424	425	425	426	427	427	428
458	425.27	1.869383	418	431	421	422	423	424	424	425	425	426	426	427	428	428	428
459	426.266	1.850045	421	431	422	423	424	425	425	426	426	427	427	428	428	429	429
460	427.304	1.786274	420	433	423	424	425	426	426	427	427	428	428	429	429	430	430
461	428.215	1.836886	421	433	424	425	426	427	427	428	428	429	429	430	430	431	431
462	429.228	1.779096	422	434	425	426	427	428	428	429	429	430	430	431	431	432	432
463	430.066	1.920243	423	435	426	427	428	428	429	430	430	431	431	432	432	433	433
464	431.127	1.847778	424	436	427	428	429	430	430	431	431	432	432	433	433	434	434
465	432.083	1.82632	425	438	428	429	430	431	431	432	432	433	433	434	434	435	435
466	432.99	1.872273	426	438	429	430	430	432	432	433	433	434	434	435	435	436	436
467	434.068	1.837049	428	440	430	431	432	433	433	434	434	435	435	436	436	437	437
468	434.932	1.866778	428	440	431	432	433	433	434	435	435	435	436	437	437	438	438
469	435.949	1.883599	429	441	432	433	433	434	435	436	436	437	437	437	438	439	439
470	436.857	1.864947	427	442	433	434	435	435	436	437	437	437	438	438	439	440	440
471	437.868	1.812142	432	443	434	435	436	436	437	438	438	438	439	439	440	441	441
472	438.967	1.855088	431	444	435	436	436	438	438	439	439	440	440	440	441	442	442
473	439.801	1.84738	431	445	436	437	437	438	439	439	440	440	441	441	442	443	443
474	440.893	1.826715	432	445	437	438	439	439	440	440	441	441	442	442	443	444	444
475	441.712	1.851076	436	447	438	439	439	440	441	441	442	442	443	443	444	445	445
476	442.666	1.850911	435	448	438	439	440	441	442	442	443	443	444	444	445	445	446
477	443.836	1.86241	437	449	440	441	441	442	443	443	444	444	445	445	446	447	447
478	444.72	1.760881	438	449	441	442	442	443	444	444	445	445	446	446	447	447	448
479	445.701	1.893458	436	452	441	442	443	444	445	445	446	446	447	447	448	449	449
480	446.556	1.895378	438	452	442	443	444	445	446	446	447	447	448	448	449	449	450
481	447.5	1.790309	439	452	443	444	445	446	447	447	448	448	448	449	450	450	451
482	448.507	1.764955	441	453	445	446	446	447	448	448	449	449	450	450	451	451	451
483	449.489	1.82516	443	455	445	446	447	448	449	449	450	450	451	451	452	452	453
484	450.515	1.862053	442	456	446	447	448	449	450	450	451	451	452	452	453	453	454
485	451.308	1.87474	444	456	447	448	449	450	450	451	451	452	452	453	454	454	454
486	452.363	1.910204	446	457	448	449	450	451	452	452	453	453	453	454	455	455	456
487	453.372	1.863085	446	459	449	450	451	452	453	453	453	454	454	455	456	456	457
488	454.251	1.829575	447	460	450	451	452	453	453	454	454	455	455	456	456	457	457
489	455.332	1.875445	448	460	451	452	453	454	454	455	455	456	456	457	458	458	459
490	456.079	1.822658	450	462	452	453	454	455	455	456	456	457	457	458	458	459	459
491	457.192	1.827697	450	462	453	454	455	456	456	457	457	458	458	459	459	460	460
492	458.25	1.832719	450	462	454	455	456	457	457	458	458	459	459	460	461	461	462
493	459.142	1.873859	453	465	455	456	457	458	458	459	459	460	460	461	461	462	462
494	460.083	1.870189	453	465	456	457	458	459	459	460	460	461	461	462	462	463	463
495	461.056	1.908011	453	467	457	458	459	460	460	461	461	462	462	463	463	464	464
496	462.027	1.892049	456	467	458	459	460	460	461	462	462	463	463	464	464	465	465
497	462.939	1.956811	456	468	459	460	461	461	462	462	463	464	464	465	465	466	466
498	463.958	1.812048	458	469	460	461	462	462	463	464	464	465	465	465	466	467	467
499	464.948	1.901818	457	470	461	462	462	463	464	465	465	466	466	467	467	468	468
500	465.819	1.893099	458	472	462	463	463	464	465	465	466	466	467	467	468	469	469
501	466.704	1.980987	460	472	462	463	464	465	466	466	467	467	468	468	469	470	470
502	467.808	1.848392	461	473	464	465	465	466	467	467	468	468	469	469	470	471	471
503	468.83	1.878997	461	474	464	466	466	467	468	468	469	469	470	470	471	472	472
504	469.67	1.953693	461	475	465	466	467	468	469	469	470	470	471	471	472	473	473
505	470.679	1.873358	464	476	467	467	468	469	470	470	471	471	472	472	473	474	474
506	471.602	1.982808	464	477	467	468	469	470	471	471	472	472	473	473	474	475	475
507	472.631	1.913766	466	477	468	469	470	471	472	472	473	473	474	474	475	476	476
508	473.658	1.902276	466	479	470	470	471	472	473	473	474	474	475	475	476	477	477
509	474.548	1.916604	468	480	470	471	472	473	474	474	475	475	476	476	477	478	478
510	475.592	1.875381	469	481	472	473	473	474	475	475	476	476	477	477	478	478	479
511	476.558	1.784887	468	482	473	473	474	475	476	476	477	477	478	478	479	479	479
512	477.399	1.928605	470	483	473	474	475	476	477	477	477	478	478	479	480	480	481
513	478.485	1.874377	472	484	475	475	476	477	478	478	479	479	479	480	481	481	482
514	479.375	1.843848	471	486	475	476	477	478	479	479	480	480	480	481	482	482	482
515	480.379	1.876934	474	485	476	477	478	479	479	480	480	481	481	482	483	483	484
516	481.333	1.859992	475	486	477	478	479	480	480	481	481	482	482	483	483	484	484
517	482.32	1.908728	474	487	478	479	480	481	481	482	482	483	483	484	485	485	486
518	483.428	1.817724	476	489	480	480	481	482	483	483	484	484	484	485	486	486	487
519	484.251	1.884556	476	490	480	481	482	483	483	484	484	485	485	486	486	487	488
520	485.226	1.859134	478	490	481	482	483	484	484	485	485	486	486	487	488	488	488
521	486.203	1.907729	479	491	482	483	484	485	485	486	486	487	487	488	488	489	489
522	487.281	1.847553	481	493	483	484	485	486	486	487	487	488	488	489	489	490	490
523	488.097	1.87219	481	493	484	485	486	487	487	488	488	489	489	490	490	491	491
524	489.019	1.966852	480	494	485	486	487	487	488	489	489	490	490	491	491	492	492
525	489.939	1.956811	483	495	486	486	487	488	489	490	490	491	491	492	492	493	493
526	490.934	1.96609	484	496	486	487	488	489	490	491	491	492	492	493	493	494	494
527	491.885	1.848023	486	497	488	489	489	490	491	492	492	492	493	493	494	495	495
528	493.031	1.880845	485	498	489	490	491	492	492	493	493	494	494	495	495	496	496
529	493.848	1.975043	487	502	490	490	491	492	493	493	494	494	495	495	496	497	497
530	494.858	1.900381	488	501	491	492	492	493	494	495	495	495	496	496	497	498	498
531	495.953	1.859637	490	501	492	493	493	494	495	496	496	497	497	498	498	499	499
532	496.813	1.840494	489	503	493	494	495	495	496	496	497	497	498	498	499	500	500
533	497.838	1.883429	492	503	494	495	495	496	497	497	498	498	499	499	500	501	501
534	498.902	1.900528	493	505	495	496	496	497	498	499	499	499	500	500	501	502	502
535	499.698	1.918457	493	505	496	497	497	498	499	499	500	500	501	501	502	503	503
536	500.697	1.894408	492	506	497	497	498	499	500	500	501	501	502	502	503	504	504
537	501.61	1.937435	495	508	497	498	499	500	501	501	502	502	503	503	504	504	505
538	502.64	1.897894	493	508	498	499	500	501	502	502	503	503	504	504	505	505	506
539	503.548	1.92754	495	509	499	500	501	502	503	503	504	504	505	505	506	506	507
540	504.591	1.808034	499	510	501	501	502	503	504	504	505	505	506	506	507	507	508
541	505.553	1.832088	498	511	501	502	503	504	505	505	506	506	507	507	508	508	509
542	506.504	1.893031	500	512	502	503	504	505	506	506	507	507	508	508	509	509	510
543	507.489	1.941558	500	513	503	504	505	506	507	507	508	508	509	509	510	510	511
544	508.428	1.827609	501	514	504	505	506	507	508	508	509	509	509	510	511	511	511
545	509.403	1.857429	503	515	505	506	507	508	509	509	510	510	510	511	512	512	513
546	510.253	1.851599	502	515	506	507	508	509	509	510	510	511	511	512	512	513	514
547	511.28	1.966079	503	516	507	508	509	510	510	511	511	512	512	513	514	514	514
548	512.129	1.968816	505	518	508	509	510	510	511	512	512	513	513	514	514	515	515
549	513.241	1.948516	507	519	509	510	511	512	512	513	513	514	514	515	516	516	517
550	514.234	1.85922	507	519	510	511	512	513	513	514	514	515	515	516	516	517	517
551	515.17	1.972052	508	521	511	512	513	514	514	515	515	516	516	517	518	518	519
552	516.247	1.830667	510	522	512	513	514	515	515	516	516	517	517	518	518	519	520
553	517.073	1.918163	510	522	513	514	515	515	516	517	517	518	518	519	519	520	520
554	518.052	1.933658	511	524	514	515	516	516	517	518	518	519	519	520	520	521	521
555	519.061	1.828284	513	524	515	516	517	518	518	519	519	520	520	521	521	522	522
556	520.079	1.93869	513	525	516	517	518	519	519	520	520	521	521	522	522	523	524
557	521.104	1.954739	513	526	517	518	519	519	520	521	521	522	522	523	523	524	525
558	522.034	1.95209	516	528	518	519	520	520	521	522	522	523	523	524	525	525	525
559	522.93	1.85325	517	528	519	520	521	521	522	523	523	523	524	525	525	526	526
560	523.819	1.945771	517	530	519	520	521	522	523	523	524	524	525	525	526	527	527
561	524.868	1.989103	517	531	520	521	522	523	524	525	525	526	526	526	527	528	528
562	525.797	2.011427	517	531	521	522	523	524	525	525	526	526	527	528	528	529	529
563	526.753	1.963121	517	533	523	523	524	525	526	526	527	527	528	528	529	530	530
564	527.841	1.896131	521	533	524	525	525	526	527	527	528	528	529	529	530	531	531
565	528.67	1.893855	522	534	524	525	526	527	528	528	529	529	530	530	531	531	532
566	529.789	1.893162	522	536	525	526	527	528	529	529	530	530	531	531	532	533	533
567	530.562	1.973335	523	536	526	527	528	529	530	530	531	531	532	532	533	534	534
568	531.695	1.899364	524	536	528	529	529	530	531	531	532	532	533	533	534	535	535
569	532.692	1.957286	527	539	528	529	530	531	532	532	533	533	534	534	535	536	536
570	533.481	1.985341	526	539	529	530	531	532	532	533	533	534	535	535	536	537	537
571	534.523	2.009355	527	540	530	531	532	533	534	534	535	535	536	536	537	538	538
572	535.578	1.922397	529	541	531	532	533	534	535	535	536	536	537	537	538	539	539
573	536.555	1.896463	530	543	532	533	534	535	536	536	537	537	538	538	539	539	540
574	537.351	1.933271	530	543	533	534	535	536	536	537	537	538	538	539	540	540	541
575	538.434	1.940982	531	544	534	535	536	537	538	538	539	539	539	540	541	541	542
576	539.408	1.928018	532	545	535	536	537	538	538	539	540	540	541	541	542	542	543
577	540.356	1.968029	534	547	536	537	538	539	539	540	540	541	541	542	543	543	544
578	541.311	1.947838	535	547	537	538	539	540	540	541	541	542	542	543	544	544	545
579	542.266	1.976651	536	548	538	539	540	541	541	542	542	543	543	544	545	545	546
580	543.266	1.901805	536	549	539	540	541	542	542	543	543	544	544	545	546	546	547
581	544.26	1.912082	537	550	540	541	542	543	543	544	544	545	545	546	547	547	548
582	545.295	1.97633	539	552	541	542	543	544	544	545	545	546	546	547	548	548	549
583	546.215	1.969938	539	552	542	543	544	545	545	546	546	547	547	548	549	549	550
584	547.139	1.931686	541	553	543	544	545	546	546	547	547	548	548	549	549	550	551
585	548.153	1.962509	540	554	544	545	546	547	547	548	548	549	549	550	551	551	551
586	549.25	1.953283	542	555	545	546	547	548	548	549	549	550	550	551	552	552	553
587	549.978	1.997876	543	556	546	546	547	548	549	550	550	551	551	552	552	553	553
588	551.059	1.870566	544	556	547	548	549	549	550	551	551	552	552	553	553	554	554
589	552.048	1.880221	544	558	548	549	550	551	551	552	552	553	553	554	554	555	555
590	552.94	1.936013	547	559	549	550	550	551	552	553	553	554	554	555	555	556	556
591	553.954	1.94568	546	558	550	551	551	552	553	554	554	554	555	556	556	557	557
592	554.79	1.998473	548	560	551	551	552	553	554	554	555	555	556	557	557	558	558
593	555.779	1.986984	548	561	552	552	553	554	555	555	556	556	557	557	558	559	559
594	556.836	1.972561	551	563	552	553	554	555	556	556	557	557	558	558	559	560	560
595	557.827	1.891732	550	564	554	554	555	556	557	557	558	558	559	559	560	561	561
596	558.79	1.999474	551	564	554	555	556	557	558	558	559	559	560	560	561	562	562
597	559.76	1.925645	552	565	556	557	557	558	559	559	560	560	561	561	562	563	563
598	560.679	1.88826	552	565	557	558	558	559	560	560	561	561	562	562	563	564	564
599	561.579	1.948218	555	566	557	558	559	560	561	561	562	562	563	563	564	565	565
600	562.603	1.958884	555	568	558	559	560	561	562	562	563	563	564	564	565	566	566
601	563.633	1.880385	558	569	560	560	561	562	563	563	564	564	565	565	566	567	567
602	564.667	1.962132	556	570	560	561	562	563	564	564	565	565	566	566	567	568	568
603	565.606	1.980577	558	571	561	562	563	564	565	565	566	566	567	567	568	569	569
604	566.54	1.997596	557	573	562	563	564	565	566	566	567	567	568	568	569	569	570
605	567.518	1.895064	561	573	563	564	565	566	567	567	568	568	569	569	570	570	571
606	568.573	1.963295	561	574	564	565	566	567	568	568	569	569	570	570	571	571	572
607	569.447	1.921688	561	575	565	566	567	568	568	569	569	570	571	571	572	572	573
608	570.455	1.945703	563	576	566	567	568	569	570	570	571	571	572	572	573	574	574
609	571.459	1.964734	564	577	567	568	569	570	571	571	572	572	573	573	574	574	575
610	572.365	1.88715	566	578	568	569	570	571	571	572	572	573	573	574	575	575	576
611	573.448	1.987271	566	579	569	570	571	572	572	573	574	574	575	575	576	576	577
612	574.236	1.938056	567	580	570	571	572	573	573	574	574	575	575	576	577	577	578
613	575.176	2.030553	568	581	571	571	573	574	574	575	575	576	576	577	578	578	579
614	576.292	2.031961	568	581	572	573	574	575	575	576	576	577	577	578	579	579	580
615	577.234	1.95168	570	584	573	574	575	576	576	577	577	578	578	579	580	580	581
616	578.14	1.883068	571	584	574	575	576	577	577	578	578	579	579	580	580	581	581
617	579.127	1.999217	571	584	575	576	576	578	578	579	579	580	580	581	581	582	583
618	580.246	1.982275	573	586	576	577	578	579	579	580	580	581	581	582	583	583	583
619	581.1	1.981395	574	586	577	578	579	580	580	581	581	582	582	583	584	584	585
620	581.983	2.03294	572	588	578	579	579	580	581	582	582	583	583	584	584	585	586
621	582.958	2.029373	576	588	578	579	580	581	582	583	583	584	584	585	585	586	586
622	583.921	1.925738	577	590	580	581	581	582	583	584	584	584	585	586	586	587	587
623	584.886	1.934101	578	591	581	582	582	583	584	585	585	585	586	586	587	588	588
624	585.916	1.954165	579	592	582	582	583	584	585	586	586	587	587	588	588	589	589
625	586.896	1.979167	580	593	582	584	584	585	586	587	587	587	588	588	589	590	590
626	587.925	2.021747	580	593	584	584	585	586	587	587	588	588	589	590	590	591	592
627	588.878	1.941362	580	595	585	586	587	587	588	589	589	589	590	590	591	592	592
628	589.759	2.015684	582	595	585	586	587	588	589	589	590	590	591	591	592	593	593
629	590.803	2.005046	583	596	586	587	588	589	590	590	591	591	592	592	593	594	594
630	591.702	1.955766	585	596	588	588	589	590	591	591	592	592	593	593	594	595	595
631	592.69	2.017913	585	598	588	589	590	591	592	592	593	593	594	594	595	596	596
632	593.656	1.897172	587	599	590	590	591	592	593	593	594	594	595	595	596	597	597
633	594.625	1.942717	586	600	591	591	592	593	594	594	595	595	596	596	597	598	598
634	595.526	2.013797	588	602	591	592	593	594	595	595	596	596	597	597	598	599	599
635	596.448	1.988781	590	602	592	593	594	595	596	596	597	597	598	598	599	599	600
636	597.539	2.038783	588	603	593	594	595	596	597	597	598	598	599	599	600	601	601
637	598.514	1.960522	592	604	594	595	596	597	598	598	599	599	600	600	601	602	602
638	599.562	2.00154	592	605	595	596	597	598	599	599	600	600	601	601	602	602	603
639	600.401	1.998548	592	605	596	597	598	599	599	600	601	601	602	602	603	603	604
640	601.417	2.063339	593	607	597	598	599	600	600	601	602	602	603	603	604	605	605
641	602.357	2.022781	596	608	598	599	600	601	601	602	602	603	603	604	605	605	606
642	603.292	1.991156	596	608	599	600	601	602	602	603	603	604	604	605	606	606	607
643	604.312	2.057399	597	610	600	601	602	603	603	604	604	605	605	606	607	607	608
644	605.284	1.961426	598	610	601	602	603	604	604	605	605	606	606	607	608	608	609
645	606.401	2.014512	598	612	602	603	604	605	605	606	606	607	607	608	609	610	610
646	607.209	2.112767	599	613	602	604	605	605	606	607	607	608	608	609	610	610	611
647	608.204	2.018033	600	614	604	605	606	607	607	608	608	609	609	610	611	611	612
648	609.114	2.043815	603	615	604	605	606	608	608	609	609	610	610	611	612	612	613
649	610.161	2.030567	603	616	606	607	608	609	609	610	610	611	611	612	613	613	614
650	611.096	2.019619	604	617	607	608	609	609	610	611	611	612	612	613	614	614	615
651	611.984	1.953346	606	617	608	609	609	610	611	611	612	613	613	614	614	615	615
652	613.043	1.970034	606	620	609	609	611	611	612	613	613	614	614	615	615	616	616
653	613.999	2.007743	606	619	610	610	611	612	613	614	614	615	615	616	616	617	617
654	615.039	2.068758	607	621	611	612	612	613	614	615	615	616	616	617	618	618	619
655	615.982	2.032685	607	622	612	612	613	614	615	616	616	617	617	618	618	619	619
656	616.916	2.081172	610	623	613	613	614	615	616	617	617	618	618	619	619	620	621
657	617.905	1.998992	611	623	613	614	615	616	617	617	618	619	619	620	620	621	621
658	618.857	2.030437	609	624	615	615	616	617	618	618	619	620	620	621	621	622	622
659	619.881	2.066182	609	626	616	616	617	618	619	619	620	621	621	622	622	623	623
660	620.914	1.997647	613	626	617	618	618	619	620	620	621	621	622	623	623	624	625
661	621.796	2.023976	615	629	617	618	619	620	621	621	622	622	623	623	624	625	625
662	622.78	2.001901	615	629	618	619	620	621	622	622	623	623	624	624	625	626	626
663	623.752	2.029437	615	629	619	620	621	622	623	623	624	624	625	625	626	627	627
664	624.68	1.969131	616	630	620	621	622	623	624	624	625	625	626	626	627	628	628
665	625.708	2.077752	619	632	621	622	623	624	625	625	626	626	627	627	628	629	629
666	626.638	1.965406	619	633	622	623	624	625	626	626	627	627	628	628	629	630	630
667	627.685	1.977292	621	633	623	624	625	626	627	627	628	628	629	629	630	631	631
668	628.647	2.010082	622	634	624	625	626	627	628	628	629	629	630	630	631	632	632
669	629.562	2.068438	620	635	625	626	627	628	629	629	630	630	631	631	632	633	633
670	630.491	2.025345	623	636	626	627	628	629	630	630	631	631	632	632	633	634	634
671	631.449	1.988304	625	637	627	628	629	630	631	631	632	632	632	633	634	635	635
672	632.538	1.971406	625	639	628	629	630	631	632	632	633	633	634	634	635	635	636
673	633.601	1.913494	627	639	629	630	631	632	633	633	634	634	635	635	636	637	637
674	634.418	2.052191	628	640	630	631	632	633	633	634	635	635	636	636	637	638	638
675	635.349	2.019227	629	640	631	632	633	634	634	635	636	636	636	637	638	638	639
676	636.355	2.007238	629	642	632	633	634	635	635	636	636	637	637	638	639	639	640
677	637.288	2.034501	631	643	633	634	635	636	636	637	637	638	638	639	640	640	641
678	638.379	1.996333	631	645	634	635	636	637	637	638	639	639	639	640	641	641	642
679	639.312	2.027009	630	645	635	636	637	638	638	639	639	640	640	641	642	642	643
680	640.301	1.983011	634	646	636	637	638	639	639	640	640	641	641	642	643	643	644
681	641.203	2.059134	632	649	637	638	639	640	640	641	641	642	642	643	644	644	645
682	642.326	1.971703	634	649	638	639	640	641	641	642	642	643	643	644	645	645	646
683	643.33	2.041879	636	648	639	640	641	642	642	643	643	644	644	645	646	646	647
684	644.168	2.032709	637	650	640	641	641	642	643	644	644	645	645	646	647	647	648
685	645.232	2.084351	637	652	640	642	643	644	644	645	645	646	646	647	648	648	649
686	645.963	2.041519	640	652	642	643	643	644	645	646	646	647	647	648	649	649	650
687	647.056	2.000717	640	654	643	644	644	645	646	647	647	648	648	649	650	650	650
688	647.991	2.05064	641	656	644	644	645	646	647	648	648	649	649	650	650	651	651
689	649.075	2.072117	642	655	645	645	646	647	648	649	649	650	650	651	652	652	653
690	650.003	2.051146	642	656	645	647	647	648	649	650	650	651	651	652	652	653	653
691	650.959	1.969568	645	657	647	647	648	649	650	651	651	652	652	653	653	654	654
692	651.969	1.947262	646	657	648	649	649	650	651	652	652	652	653	654	654	655	655
693	652.868	2.102617	645	659	648	649	650	651	652	652	653	653	654	655	655	656	656
694	653.874	2.071332	645	660	649	650	651	652	653	653	654	655	655	656	656	657	657
695	654.814	2.106619	647	662	650	651	652	653	654	654	655	655	656	657	657	658	658
696	655.714	2.003551	649	662	651	652	653	654	655	655	656	656	657	657	658	659	659
697	656.765	2.002445	649	661	652	653	654	655	656	656	657	657	658	658	659	660	660
698	657.707	2.075924	651	664	653	654	655	656	657	657	658	658	659	659	660	661	661
699	658.763	2.139488	651	665	654	655	656	657	658	658	659	659	660	661	661	662	662
700	659.696	2.023779	653	665	655	656	657	658	659	659	660	660	661	661	662	663	663
701	660.761	2.10483	652	666	656	657	658	659	660	660	661	661	662	663	663	664	664
702	661.653	2.033895	655	669	657	658	659	660	661	661	662	662	663	663	664	665	665
703	662.54	2.082964	653	669	658	659	660	661	662	662	663	663	664	664	665	666	666
704	663.45	2.057604	655	669	659	660	661	662	663	663	664	664	664	665	666	667	667
705	664.571	1.969985	656	670	660	661	662	663	664	664	665	665	666	666	667	668	668
706	665.462	1.988092	658	672	661	662	663	664	665	665	665	666	667	667	668	668	669
707	666.58	2.05227	660	672	662	663	664	665	666	666	667	667	668	668	669	670	670
708	667.616	1.981027	661	674	663	664	665	666	667	667	668	668	669	669	670	671	671
709	668.399	2.028278	662	675	664	665	666	667	667	668	668	669	670	670	671	672	672
710	669.31	2.104835	662	676	665	666	667	667	668	669	669	670	670	671	672	673	673
711	670.323	2.061776	663	676	666	667	668	669	669	670	670	671	671	672	673	673	674
712	671.369	1.98917	665	677	667	668	669	670	670	671	671	672	672	673	674	675	675
713	672.299	2.015356	664	678	668	669	670	671	671	672	672	673	673	674	675	676	676
714	673.375	2.067038	666	680	669	670	671	672	672	673	674	674	675	675	676	676	677
715	674.316	2.080017	666	682	670	671	672	673	673	674	674	675	675	676	677	678	678
716	675.271	2.07795	666	682	670	672	673	674	674	675	675	676	676	677	678	678	679
717	676.206	2.144799	669	682	671	673	673	674	675	676	676	677	677	678	679	680	680
718	677.047	1.979573	670	684	673	674	675	675	676	677	677	678	678	679	680	680	680
719	678.034	2.115022	670	684	673	674	675	676	677	678	678	679	679	680	681	681	682
720	679.131	2.063031	672	685	675	676	676	677	678	679	679	680	680	681	682	682	683
721	680.085	2.082814	673	686	676	677	677	678	679	680	680	681	681	682	683	683	684
722	681.169	1.962725	675	686	677	678	679	680	680	681	681	682	682	683	684	684	684
723	681.923	2.065269	675	688	677	678	679	680	681	682	682	682	683	684	684	685	686
724	683.1	1.968724	676	689	679	680	681	682	682	683	683	684	684	685	685	686	687
725	684.061	2.053167	677	690	680	680	681	682	683	684	684	685	685	686	686	687	688
726	685.07	2.085053	678	691	681	681	682	683	684	685	685	686	686	687	688	688	689
727	685.943	2.025797	678	692	682	683	683	684	685	685	686	687	687	688	688	689	689
728	686.932	2.118458	679	694	682	683	684	685	686	687	687	688	688	689	690	690	691
729	687.839	2.035491	681	694	683	684	685	686	687	687	688	688	689	690	690	691	692
730	688.75	2.025241	682	695	684	685	686	687	688	688	689	689	690	690	691	692	692
731	689.773	2.052726	681	697	685	686	687	688	689	689	690	690	691	691	692	693	693
732	690.911	2.107492	683	697	686	687	688	689	690	691	691	692	692	693	693	694	695
733	691.722	2.091672	684	698	687	688	689	690	691	691	692	692	693	693	694	695	695
734	692.8	2.096759	686	699	688	689	690	691	692	692	693	693	694	695	695	696	696
735	693.635	2.012915	686	699	689	690	691	692	693	693	694	694	695	695	696	697	697
736	694.813	2.040145	687	701	691	691	692	693	694	694	695	695	696	696	697	698	698
737	695.679	2.010473	687	702	691	692	693	694	695	695	696	696	697	697	698	699	699
738	696.677	2.055942	690	703	692	693	694	695	696	696	697	697	698	698	699	700	700
739	697.55	2.044916	690	703	693	694	695	696	697	697	698	698	699	699	700	701	701
740	698.576	2.111559	689	705	694	695	696	697	698	698	699	699	700	700	701	702	702
741	699.487	2.133162	692	705	695	696	697	698	698	699	700	700	701	701	702	703	703
742	700.44	2.097331	692	706	696	697	698	699	699	700	701	701	702	702	703	704	704
743	701.481	2.06928	694	709	697	698	699	700	700	701	702	702	703	703	704	705	705
744	702.53	2.004275	696	709	698	699	700	701	702	702	703	703	704	704	705	706	706
745	703.426	2.086835	697	709	699	700	701	702	702	703	703	704	705	705	706	707	707
746	704.398	2.103335	697	710	700	701	702	703	703	704	705	705	706	706	707	708	708
747	705.363	2.167009	697	712	700	702	703	704	704	705	706	706	707	707	708	708	709
748	706.265	2.123036	699	711	701	703	703	705	705	706	706	707	707	708	709	710	710
749	707.359	2.108688	697	713	703	703	705	706	706	707	708	708	708	709	710	711	711
750	708.276	2.046952	702	715	704	705	706	707	707	708	708	709	709	710	711	711	712
751	709.396	2.103713	702	716	704	706	707	708	708	709	710	710	711	711	712	712	713
752	710.166	2.108291	704	717	705	706	707	708	709	710	710	711	711	712	713	713	714
753	711.231	2.027252	704	717	707	708	709	710	710	711	711	712	712	713	714	714	715
754	712.158	2.11554	702	719	708	709	709	710	711	712	712	713	713	714	715	715	716
755	713.199	2.063894	705	720	709	710	711	712	712	713	713	714	714	715	716	716	717
756	714.071	2.098658	702	720	710	711	711	712	713	714	714	715	715	716	717	717	718
757	715.023	2.168219	707	721	710	711	712	713	714	715	715	716	716	717	718	718	719
758	716.026	2.18909	706	722	711	712	713	714	715	716	716	717	717	718	719	719	720
759	717.055	2.020906	710	723	713	714	714	715	716	717	717	718	718	719	720	720	720
760	718.074	2.038303	711	724	714	715	715	716	717	718	718	719	719	720	721	721	722
761	718.996	2.155604	712	725	714	715	716	717	718	719	719	720	720	721	722	722	723
762	719.987	2.099819	713	727	715	716	717	718	719	720	720	721	721	722	723	723	724
763	720.872	1.985336	711	726	716	717	718	719	720	720	721	721	722	723	723	724	724
764	721.944	2.135749	716	728	717	718	719	720	721	722	722	723	723	724	725	725	726
765	722.867	1.993812	716	731	719	719	720	721	722	722	723	723	724	725	725	726	726
766	723.807	2.123266	716	731	719	720	721	722	723	723	724	724	725	726	726	727	728
767	724.911	2.017709	718	731	721	721	722	723	724	725	725	726	726	727	727	728	728
768	725.692	2.104178	719	731	721	722	723	724	725	725	726	726	727	727	728	729	729
769	726.801	2.095182	718	733	723	723	724	725	726	726	727	727	728	729	729	730	730
770	727.791	2.069203	720	735	723	724	725	726	727	727	728	728	729	729	730	731	732
771	728.653	2.043224	721	734	724	725	726	727	728	728	729	729	730	730	731	732	732
772	729.648	2.073257	722	736	725	726	727	728	729	729	730	730	731	731	732	733	733
773	730.551	2.125068	723	736	726	727	728	729	729	730	731	731	732	732	733	734	734
774	731.738	2.132582	724	738	727	728	729	730	731	731	732	732	733	734	734	735	735
775	732.577	2.02291	724	738	729	729	730	731	732	732	733	733	734	734	735	736	736
776	733.385	2.211259	725	740	729	730	731	732	732	733	733	734	735	735	736	737	737
777	734.464	2.090233	726	740	730	731	732	733	733	734	735	735	736	736	737	738	738
778	735.555	2.106041	728	742	731	732	733	734	735	735	736	736	737	737	738	739	739
779	736.514	2.102909	729	742	732	733	734	735	736	736	737	737	738	738	739	740	740
780	737.531	2.110804	731	744	733	734	735	736	737	737	738	738	739	739	740	741	741
781	738.301	2.134703	731	743	734	735	736	737	737	738	738	739	739	740	741	742	742
782	739.366	2.201566	731	745	734	735	737	738	738	739	740	740	741	741	742	743	743
783	740.341	2.158096	731	746	736	737	737	739	739	740	740	741	742	742	743	744	744
784	741.422	2.136464	733	747	737	738	739	740	740	741	742	742	743	743	744	745	745
785	742.362	2.14279	735	749	738	739	740	741	741	742	742	743	744	744	745	746	746
786	743.255	2.082381	734	751	738	740	741	742	742	743	743	744	744	745	746	747	747
787	744.295	2.065003	737	752	740	741	742	743	743	744	744	745	745	746	747	748	748
788	745.206	2.067326	737	751	741	742	743	744	744	745	745	746	746	747	748	748	749
789	746.232	2.027878	739	751	742	743	744	745	745	746	746	747	747	748	749	749	750
790	747.264	2.226491	737	755	742	743	744	745	746	747	747	748	748	749	750	751	751
791	748.262	2.115616	740	754	744	745	746	747	747	748	748	749	749	750	751	752	752
792	749.186	2.057581	741	754	744	746	747	748	748	749	749	750	750	751	752	752	753
793	750.152	2.136226	744	757	746	746	747	748	749	750	750	751	751	752	753	753	754
794	751.128	2.148542	741	758	746	747	748	749	750	751	751	752	752	753	754	754	755
795	752.192	2.09703	744	759	748	748	749	751	751	752	752	753	753	754	755	755	756
796	753.127	2.146037	745	759	748	749	750	751	752	753	753	754	754	755	756	756	757
797	753.982	2.10383	747	761	749	750	751	752	753	754	754	755	755	756	757	757	758
798	754.972	2.004803	749	761	750	751	752	753	754	755	755	756	756	757	757	758	758
799	755.928	2.120687	748	763	751	752	753	754	755	755	756	756	757	758	759	759	760
800	756.972	2.093227	749	763	752	753	754	755	756	757	757	758	758	759	759	760	760
801	757.694	2.113961	749	763	753	754	755	756	757	757	758	758	759	759	760	761	761
802	758.792	2.162733	752	765	754	755	756	757	758	758	759	759	760	761	761	762	763
803	759.89	2.001476	753	765	755	756	757	758	759	760	760	760	761	761	762	763	763
804	760.777	2.183584	753	769	756	757	758	759	760	760	761	761	762	763	764	764	765
805	761.746	2.144314	754	768	757	758	759	760	761	761	762	762	763	763	764	765	766
806	762.745	2.160241	756	768	758	759	760	761	762	762	763	763	764	765	766	766	767
807	763.717	2.141845	754	770	759	760	761	762	763	763	764	764	765	765	766	767	768
808	764.828	2.145931	756	774	760	761	762	763	764	764	765	766	766	767	767	768	768
809	765.761	2.048432	758	771	761	762	763	764	765	765	766	766	767	767	768	769	769
810	766.635	2.166672	757	773	762	763	764	765	766	766	767	767	768	768	769	770	770
811	767.718	2.100211	761	774	763	764	765	766	767	767	768	768	769	769	770	771	771
812	768.703	2.165983	762	776	764	765	766	767	768	768	769	769	770	771	771	772	772
813	769.514	2.141118	762	776	765	766	767	768	768	769	770	770	771	771	772	773	773
814	770.586	2.130996	762	777	766	767	768	769	770	770	771	771	772	772	773	774	774
815	771.508	2.120479	763	777	767	768	769	770	770	771	772	772	773	773	774	775	775
816	772.481	2.082781	765	778	768	769	770	771	772	772	773	773	774	774	775	776	776
817	773.497	2.062582	766	779	769	770	771	772	772	773	774	774	775	775	776	777	777
818	774.53	2.083613	766	780	770	771	772	773	774	774	775	775	776	776	777	778	778
819	775.487	2.064969	767	782	771	772	773	774	775	775	776	776	777	777	778	779	779
820	776.404	2.106471	767	782	772	773	774	775	775	776	777	777	778	778	779	780	780
821	777.398	2.155514	770	784	773	774	775	776	776	777	778	778	779	779	780	781	781
822	778.42	2.04983	771	784	774	775	776	777	777	778	778	779	780	780	781	782	782
823	779.268	2.185624	772	787	774	775	776	778	778	779	779	780	780	781	782	783	783
824	780.259	2.203355	772	786	775	776	777	778	779	780	780	781	781	782	783	784	784
825	781.289	2.18042	770	787	776	778	779	780	780	781	781	782	782	783	784	785	785
826	782.299	2.213707	774	787	777	778	779	781	781	782	782	783	784	784	785	786	786
827	783.183	2.15503	776	790	779	779	780	781	782	783	783	784	784	785	786	786	787
828	784.062	2.163987	776	790	779	780	781	782	783	784	784	785	785	786	787	787	788
829	785.038	2.228794	777	791	780	781	782	783	784	785	785	786	786	787	788	788	789
830	786.122	2.177121	779	793	781	782	783	784	785	786	786	787	787	788	789	789	790
831	787.11	2.147676	779	792	782	783	784	785	786	787	787	788	788	789	790	790	791
832	788.06	2.176497	778	794	783	784	785	786	787	788	788	789	789	790	791	791	792
833	789.23	2.156792	782	795	784	785	786	787	788	789	789	790	790	791	792	793	793
834	790.09	2.22595	779	796	785	786	787	788	789	790	790	791	791	792	793	793	794
835	790.978	2.123211	783	796	786	787	788	789	790	791	791	792	792	793	793	794	795
836	791.999	2.15584	784	799	787	788	789	790	791	792	792	793	793	794	795	795	796
837	792.996	2.092454	785	799	788	789	790	791	792	793	793	794	794	795	795	796	797
838	793.951	2.123937	786	800	789	790	791	792	793	794	794	795	795	796	797	797	797
839	794.881	2.105058	787	800	791	791	792	793	794	794	795	795	796	797	798	798	799
840	795.955	2.082141	789	802	791	792	793	794	795	796	796	797	797	798	798	799	799
841	796.822	2.09922	785	803	792	793	794	795	796	796	797	797	798	799	799	800	800
842	797.894	2.061313	789	803	793	794	795	796	797	797	798	798	799	800	800	801	802
843	798.74	2.189793	789	805	794	795	796	797	798	798	799	799	800	801	801	802	802
844	799.857	2.17837	792	806	795	796	797	798	799	800	800	801	801	802	802	803	804
845	800.711	2.077449	794	807	796	797	798	799	800	800	801	801	802	802	803	804	805
846	801.764	2.061687	795	807	797	798	799	800	801	801	802	802	803	803	804	805	805
847	802.724	2.09385	796	808	798	799	800	801	802	802	803	803	804	804	805	806	807
848	803.769	2.286234	794	810	799	800	801	802	803	803	804	804	805	806	807	807	808
849	804.675	2.253098	795	811	800	801	802	803	804	804	805	805	806	807	807	808	809
850	805.545	2.172716	796	811	801	802	803	804	805	805	806	806	807	807	808	809	809
851	806.568	2.083198	800	812	802	803	804	805	806	806	807	807	808	808	809	810	810
852	807.484	2.19421	800	813	802	804	805	806	806	807	808	808	809	809	810	811	811
853	808.561	2.150559	800	816	804	805	806	807	808	808	809	809	810	810	811	812	812
854	809.596	2.209902	802	816	805	806	807	808	808	809	810	810	811	812	812	813	814
855	810.454	2.253655	802	816	805	807	808	809	809	810	811	811	812	812	813	814	814
856	811.323	2.283832	803	818	806	807	808	810	810	811	811	812	813	813	814	815	815
857	812.43	2.17021	805	818	807	809	810	811	811	812	813	813	814	814	815	816	816
858	813.401	2.121485	803	820	808	810	811	812	812	813	814	814	815	815	816	817	817
859	814.439	2.103974	808	821	810	811	812	813	813	814	814	815	816	816	817	818	818
860	815.405	2.175709	807	822	810	812	813	814	814	815	816	816	817	817	818	819	819
861	816.39	2.164853	808	822	812	813	814	815	815	816	817	817	818	818	819	820	820
862	817.401	2.213391	810	824	812	814	815	816	816	817	817	818	819	819	820	821	821
863	818.197	2.184253	811	824	813	814	815	817	817	818	818	819	819	820	821	822	822
864	819.188	2.11687	810	825	814	816	816	817	818	819	819	820	820	821	822	822	823
865	820.282	2.179272	813	826	816	816	817	819	819	820	820	821	821	822	823	824	824
866	821.207	2.173678	813	828	817	817	818	819	820	821	821	822	822	823	824	824	825
867	822.093	2.177405	815	831	818	818	819	820	821	822	822	823	823	824	825	825	826
868	823.172	2.082487	815	829	818	819	820	821	822	823	823	824	824	825	826	826	827
869	824.089	2.119805	817	831	819	820	821	822	823	824	824	825	825	826	827	827	828
870	825.121	2.165883	818	830	820	821	822	823	824	825	825	826	826	827	828	828	829
871	826.147	2.273447	819	833	821	822	823	824	825	826	826	827	827	828	829	830	830
872	827.138	2.236506	819	837	822	823	824	825	826	827	827	828	828	829	830	830	831
873	828.051	2.166355	819	834	823	824	825	826	827	828	828	829	829	830	831	831	832
874	828.97	2.204986	822	836	824	825	826	827	828	828	829	830	830	831	832	832	833
875	829.971	2.28591	822	837	825	826	827	828	829	830	830	831	831	832	833	833	834
876	830.819	2.16955	822	836	826	827	828	829	830	830	831	831	832	833	833	834	834
877	831.999	2.098429	825	838	828	828	829	830	831	832	832	833	833	834	835	835	836
878	832.817	2.206894	825	840	828	829	830	831	832	832	833	834	834	835	835	836	837
879	833.867	2.127872	827	840	829	830	831	832	833	833	834	834	835	836	836	837	838
880	834.961	2.153629	828	842	830	831	832	833	834	835	835	836	836	837	838	838	839
881	835.758	2.185455	829	843	831	832	833	834	835	835	836	836	837	838	838	839	840
882	836.838	2.194213	829	842	832	833	834	835	836	836	837	837	838	839	840	840	841
883	837.805	2.121668	831	844	833	834	835	836	837	837	838	838	839	840	840	841	842
884	838.865	2.093599	831	845	834	835	836	837	838	838	839	839	840	841	841	842	843
885	839.762	2.132582	832	845	835	836	837	838	839	839	840	840	841	842	842	843	843
886	840.8	2.116715	834	848	836	837	838	839	840	840	841	841	842	843	843	844	844
887	841.637	2.261934	832	850	837	838	839	840	841	841	842	842	843	843	844	845	846
888	842.625	2.126711	834	849	838	839	840	841	842	842	843	843	844	844	845	846	846
889	843.652	2.219419	834	851	839	840	841	842	843	843	844	844	845	845	846	847	848
890	844.592	2.252245	836	851	840	841	842	843	843	844	845	845	846	847	847	848	849
891	845.512	2.258973	836	853	841	842	843	844	845	845	846	846	847	847	848	849	849
892	846.533	2.258764	839	853	842	842	844	845	845	846	847	847	848	848	849	850	850
893	847.497	2.140227	840	855	843	844	845	846	847	847	848	848	849	849	850	851	851
894	848.551	2.2442	840	856	844	845	846	847	847	848	849	849	850	850	851	852	852
895	849.556	2.217156	842	856	844	846	847	848	849	849	850	850	851	851	852	853	853
896	850.446	2.20589	841	857	846	847	848	849	849	850	851	851	852	852	853	854	854
897	851.308	2.166063	844	858	847	848	848	850	850	851	851	852	853	853	854	854	855
898	852.505	2.237181	844	859	848	849	850	851	851	852	853	853	854	854	855	856	857
899	853.357	2.230364	845	860	848	850	851	852	852	853	853	854	855	855	856	857	857
900	854.419	2.221796	846	861	850	851	851	853	853	854	855	855	856	856	857	858	858
901	855.371	2.136334	848	862	850	852	853	854	854	855	855	856	857	857	858	859	859
902	856.348	2.206755	848	863	852	853	853	854	855	856	857	857	858	858	859	860	860
903	857.283	2.244538	849	865	852	854	854	855	856	857	857	858	859	859	860	861	861
904	858.253	2.223946	851	864	853	854	855	856	857	858	858	859	860	860	861	862	862
905	859.207	2.227355	850	866	854	855	856	857	858	859	859	860	860	861	862	863	863
906	860.237	2.209007	852	867	855	857	857	858	859	860	860	861	861	862	863	864	864
907	861.124	2.102628	854	867	856	857	858	859	860	861	861	862	862	863	864	864	865
908	862.023	2.164985	854	868	857	858	859	860	861	862	862	863	863	864	865	865	866
909	863.068	2.154999	856	869	858	859	860	861	862	863	863	864	864	865	866	866	867
910	864.233	2.164115	856	870	859	861	861	863	863	864	864	865	865	866	867	868	868
911	865.102	2.156907	857	871	861	861	862	863	864	865	865	866	866	867	868	868	869
912	866.059	2.169845	859	873	861	862	863	864	865	866	866	867	867	868	869	869	870
913	867.018	2.184135	859	874	862	863	864	865	866	867	867	868	868	869	870	870	871
914	867.859	2.224425	857	875	863	864	865	866	867	867	868	868	869	870	871	871	872
915	868.976	2.201879	860	875	864	865	866	867	868	868	869	870	870	871	872	872	873
916	869.961	2.246893	863	878	865	866	867	868	869	869	870	871	871	872	873	874	874
917	870.923	2.2325	862	878	866	867	868	869	870	870	871	872	872	873	874	874	875
918	871.874	2.23408	861	877	867	868	869	870	871	871	872	873	873	874	875	875	876
919	872.868	2.247137	864	879	868	869	870	871	872	872	873	874	874	875	876	876	877
920	873.91	2.276639	865	881	869	870	871	872	873	873	874	875	875	876	877	877	878
921	874.835	2.16251	867	880	870	871	872	873	874	874	875	875	876	877	877	878	878
922	875.724	2.273102	868	883	871	872	873	874	875	875	876	876	877	878	879	879	879
923	876.695	2.151884	869	882	872	873	874	875	876	876	877	877	878	878	879	880	880
924	877.761	2.214223	871	885	873	874	875	876	877	877	878	878	879	880	880	881	882
925	878.586	2.132874	871	885	874	875	876	877	878	878	879	879	880	880	881	882	882
926	879.609	2.103936	872	887	875	876	877	878	879	879	880	880	881	881	882	883	883
927	880.731	2.140846	874	887	876	877	878	879	880	880	881	881	882	883	883	884	884
928	881.712	2.378384	872	888	876	878	879	880	881	881	882	882	883	884	885	885	886
929	882.507	2.287178	873	888	877	879	880	881	881	882	883	883	884	884	885	886	887
930	883.609	2.300742	876	890	878	879	880	882	883	883	884	884	885	886	886	887	887
931	884.561	2.222435	876	890	879	881	882	883	884	884	885	885	886	886	887	888	888
932	885.466	2.223463	876	892	881	882	883	884	884	885	886	886	887	887	888	889	889
933	886.505	2.187409	877	892	881	883	884	885	885	886	887	887	888	888	889	890	890
934	887.505	2.240311	880	894	882	884	885	886	887	887	888	888	889	889	890	891	891
935	888.412	2.22693	881	895	884	885	886	887	887	888	888	889	890	890	891	892	893
936	889.516	2.232651	882	896	885	886	887	888	888	889	890	890	891	891	892	893	893
937	890.398	2.236201	882	896	886	887	887	889	889	890	891	891	892	892	893	894	894
938	891.414	2.223409	883	898	886	887	888	890	890	891	892	892	893	893	894	895	895
939	892.293	2.196355	884	899	887	889	889	890	891	892	892	893	893	894	895	896	896
940	893.49	2.230891	885	900	888	890	891	892	892	893	894	894	895	895	896	897	897
941	894.292	2.206718	887	900	889	890	891	893	893	894	894	895	896	896	897	898	898
942	895.361	2.241362	887	901	890	891	893	894	894	895	895	896	897	897	898	899	899
943	896.274	2.214007	889	905	892	892	893	894	895	896	896	897	897	898	899	900	900
944	897.054	2.214043	888	904	892	893	894	895	896	897	897	898	898	899	900	901	901
945	898.185	2.160426	890	905	894	895	895	896	897	898	898	899	899	900	901	902	902
946	899.193	2.232204	890	905	895	895	896	897	898	899	899	900	900	901	902	903	903
947	900.131	2.232224	892	906	896	896	897	898	899	900	900	901	901	902	903	904	904
948	901.088	2.227828	894	909	896	897	898	899	900	901	901	902	902	903	904	905	905
949	902.131	2.214666	894	909	897	898	899	900	901	902	902	903	903	904	905	906	906
950	903.165	2.234898	893	913	898	900	900	901	902	903	903	904	904	905	906	907	907
951	904.118	2.162117	896	911	899	900	901	902	903	904	904	905	905	906	907	907	908
952	905.074	2.263105	897	912	900	901	902	903	904	905	905	906	906	907	908	909	909
953	905.988	2.235812	899	912	901	902	903	904	905	906	906	907	907	908	909	909	910
954	907.019	2.25249	899	914	902	903	904	905	906	906	907	908	908	909	910	910	911
955	908.032	2.14979	900	914	903	904	905	906	907	908	908	909	909	910	911	911	912
956	909.058	2.199881	901	915	904	906	906	907	908	909	909	910	910	911	912	912	913
957	909.954	2.255875	902	918	905	906	907	908	909	909	910	911	911	912	913	913	914
958	910.859	2.225325	903	917	906	907	908	909	910	910	911	912	912	913	914	914	915
959	911.858	2.193319	904	920	907	908	909	910	911	911	912	912	913	914	915	915	916
960	912.837	2.182933	904	920	908	909	910	911	912	912	913	913	914	915	915	916	917
961	913.69	2.261197	905	920	909	910	911	912	913	913	914	914	915	915	917	917	918
962	914.806	2.21614	905	921	910	911	912	913	914	914	915	915	916	917	918	918	919
963	915.905	2.189239	906	922	911	912	913	914	915	915	916	917	917	918	918	919	920
964	916.734	2.290522	909	923	912	913	914	915	916	916	917	917	918	919	920	920	921
965	917.727	2.260881	909	923	913	914	915	916	917	917	918	918	919	920	921	921	922
966	918.765	2.189193	911	925	914	915	916	917	918	918	919	919	920	921	921	922	922
967	919.729	2.218215	911	926	915	916	917	918	919	919	920	920	921	922	922	923	924
968	920.585	2.322966	913	927	915	917	918	919	920	920	921	921	922	923	923	924	925
969	921.641	2.19247	912	929	917	918	919	920	921	921	922	922	923	923	924	925	925
970	922.506	2.222364	915	929	918	919	920	921	921	922	923	923	924	924	925	926	926
971	923.439	2.318114	916	932	919	919	920	922	922	923	924	924	925	925	926	927	928
972	924.457	2.298572	917	930	919	920	921	923	923	924	925	925	926	926	927	928	928
973	925.675	2.113254	918	932	921	922	923	924	925	925	926	926	927	927	928	929	929
974	926.491	2.211518	918	932	922	923	924	925	925	926	927	927	928	928	929	930	931
975	927.549	2.210087	917	933	923	924	925	926	927	927	928	928	929	929	930	931	931
976	928.494	2.234493	920	935	923	925	926	927	927	928	929	929	930	930	931	932	932
977	929.358	2.266931	922	935	924	925	926	928	928	929	929	930	931	931	932	933	934
978	930.314	2.293614	921	937	925	926	927	929	929	930	930	931	932	932	933	934	934
979	931.542	2.256841	922	938	927	928	929	930	930	931	932	932	933	933	934	935	936
980	932.532	2.203141	924	939	928	929	930	931	931	932	933	933	934	934	935	936	936
981	933.349	2.163765	926	942	928	930	931	932	932	933	933	934	934	935	936	937	937
982	934.35	2.218202	927	940	930	931	932	932	933	934	934	935	936	936	937	938	938
983	935.28	2.311914	927	942	930	931	932	933	934	935	935	936	936	937	938	939	940
984	936.281	2.376486	928	943	931	932	933	934	935	936	936	937	938	938	939	940	940
985	937.233	2.260934	927	945	932	933	934	935	936	937	937	938	938	939	940	941	941
986	938.326	2.180018	930	945	934	935	935	936	937	938	938	939	939	940	941	942	942
987	939.236	2.269241	930	946	934	935	936	937	938	939	939	940	941	941	942	943	943
988	940.243	2.270045	932	947	936	937	937	938	939	940	940	941	941	942	943	944	944
989	941.219	2.233837	933	948	936	937	938	939	940	941	941	942	942	943	944	944	945
990	942.197	2.267009	935	949	937	938	939	940	941	942	942	943	943	944	945	946	946
991	943.129	2.224704	936	950	938	939	940	941	942	943	943	944	944	945	946	946	947
992	944.126	2.156566	937	951	940	941	941	942	943	944	944	945	945	946	947	948	948
993	945.025	2.163112	936	952	941	941	942	943	944	945	945	946	946	947	948	948	949
994	946.115	2.30675	937	953	941	942	943	944	945	946	946	947	947	948	949	950	950
995	947.092	2.126513	937	953	942	943	944	945	946	947	947	948	948	949	950	950	951
996	947.893	2.268192	939	955	943	944	945	946	947	947	948	949	949	950	951	952	952
997	948.973	2.270997	939	955	944	945	946	947	948	948	949	950	950	951	952	953	953
998	950.003	2.249011	942	956	945	946	947	948	949	949	950	951	951	952	953	953	954
999	950.831	2.305158	942	957	946	947	948	949	950	950	951	952	952	953	954	954	955
1000	951.986	2.19468	942	958	947	948	949	950	951	952	952	953	953	954	955	955	956
