n	avg	sd	min	max	0.02	0.05	0.1	0.2	0.3	0.4	0.5	0.6	0.7	0.8	0.9	0.95	0.97
4	0.668	0.4711666	0	1	0	0	0	0	0	1	1	1	1	1	1	1	1
5	1.08	0.4469897	0	2	0	0	1	1	1	1	1	1	1	1	2	2	2
6	1.73	0.470448	0	2	1	1	1	1	2	2	2	2	2	2	2	2	2
7	2.392	0.5887977	1	3	1	1	2	2	2	2	2	3	3	3	3	3	3
8	2.986	0.6084194	1	4	2	2	2	3	3	3	3	3	3	3	4	4	4
9	3.708	0.5541146	1	5	2	3	3	3	4	4	4	4	4	4	4	4	4
10	4.389	0.6419432	2	6	3	3	4	4	4	4	4	5	5	5	5	5	5
11	5.107	0.6572541	2	6	4	4	4	5	5	5	5	5	5	6	6	6	6
12	5.859	0.6352342	3	7	4	5	5	5	6	6	6	6	6	6	7	7	7
13	6.599	0.6933107	4	8	5	5	6	6	6	7	7	7	7	7	7	8	8
14	7.376	0.6819744	4	9	6	6	7	7	7	7	7	8	8	8	8	8	8
15	8.118	0.7173497	5	10	7	7	7	8	8	8	8	8	8	9	9	9	9
16	8.905	0.7579905	6	11	7	8	8	8	9	9	9	9	9	9	10	10	10
17	9.624	0.7383557	7	11	8	8	9	9	9	10	10	10	10	10	10	11	11
18	10.454	0.7446062	8	12	9	9	10	10	10	10	11	11	11	11	11	11	12
19	11.301	0.7354862	9	13	10	10	10	11	11	11	11	12	12	12	12	12	12
20	12.033	0.7553022	9	14	10	11	11	11	12	12	12	12	12	13	13	13	13
21	12.846	0.7542233	10	14	11	12	12	12	13	13	13	13	13	13	14	14	14
22	13.655	0.767179	11	15	12	12	13	13	13	14	14	14	14	14	15	15	15
23	14.525	0.7924664	11	16	13	13	14	14	14	14	15	15	15	15	15	16	16
24	15.329	0.7741824	13	17	14	14	14	15	15	15	15	16	16	16	16	16	17
25	16.11	0.8188837	13	18	14	15	15	16	16	16	16	16	17	17	17	17	17
26	16.942	0.8290497	13	19	15	16	16	16	17	17	17	17	17	18	18	18	18
27	17.786	0.8383954	15	20	16	16	17	17	17	18	18	18	18	18	19	19	19
28	18.66	0.8420862	16	21	17	17	18	18	18	19	19	19	19	19	20	20	20
29	19.439	0.7968149	17	21	18	18	18	19	19	19	20	20	20	20	20	21	21
30	20.294	0.8486956	17	22	18	19	19	20	20	20	20	21	21	21	21	21	22
31	21.141	0.8484332	18	23	19	20	20	21	21	21	21	21	22	22	22	22	22
32	22.023	0.8597733	19	24	20	21	21	21	22	22	22	22	22	23	23	23	23
33	22.797	0.9069805	19	25	21	21	22	22	22	23	23	23	23	24	24	24	24
34	23.634	0.8971337	21	26	21	22	22	23	23	24	24	24	24	24	25	25	25
35	24.513	0.9298902	20	27	22	23	23	24	24	24	25	25	25	25	26	26	26
36	25.383	0.8723944	22	27	23	24	24	25	25	25	25	26	26	26	26	27	27
37	26.239	0.8858124	22	28	24	25	25	26	26	26	26	27	27	27	27	27	28
38	27.123	0.8801396	24	29	25	26	26	26	27	27	27	27	28	28	28	28	28
39	27.989	0.8646541	24	30	26	27	27	27	28	28	28	28	28	29	29	29	29
40	28.833	0.9444591	25	31	27	27	28	28	28	29	29	29	29	30	30	30	30
41	29.696	0.9276014	26	32	28	28	29	29	29	30	30	30	30	30	31	31	31
42	30.579	0.8924996	27	33	29	29	29	30	30	30	31	31	31	31	32	32	32
43	31.347	0.956821	28	34	29	30	30	31	31	31	31	32	32	32	32	33	33
44	32.328	0.9006815	28	34	30	31	31	32	32	32	32	33	33	33	33	34	34
45	33.171	0.9426811	29	36	31	32	32	32	33	33	33	33	34	34	34	34	35
46	34.077	0.9369893	30	37	32	32	33	33	34	34	34	34	35	35	35	35	35
47	34.944	0.9379466	31	38	33	33	34	34	35	35	35	35	35	36	36	36	36
48	35.78	0.9232835	32	38	34	34	35	35	35	36	36	36	36	37	37	37	37
49	36.701	0.931916	33	39	35	35	36	36	36	37	37	37	37	37	38	38	38
50	37.54	0.9376989	34	40	36	36	36	37	37	37	38	38	38	38	39	39	39
51	38.428	0.984777	35	40	36	37	37	38	38	38	38	39	39	39	40	40	40
52	39.338	0.9862701	34	42	37	38	38	39	39	39	39	40	40	40	40	41	41
53	40.177	0.9426344	37	43	38	39	39	39	40	40	40	40	41	41	41	42	42
54	41.101	0.9314863	38	43	39	40	40	40	41	41	41	41	42	42	42	42	43
55	41.978	0.9810599	37	44	40	40	41	41	42	42	42	42	43	43	43	43	44
56	42.79	0.9658327	39	45	41	41	42	42	42	43	43	43	43	44	44	44	44
57	43.74	0.9763982	40	46	42	42	42	43	43	44	44	44	44	45	45	45	45
58	44.682	0.970473	41	47	42	43	43	44	44	45	45	45	45	45	46	46	46
59	45.515	0.9678387	42	48	43	44	44	45	45	45	46	46	46	46	47	47	47
60	46.403	0.9505233	43	49	44	45	45	46	46	46	46	47	47	47	47	48	48
61	47.324	0.9949945	43	50	45	46	46	47	47	47	47	48	48	48	48	49	49
62	48.2	1.017367	45	51	46	46	47	47	48	48	48	49	49	49	49	50	50
63	49.093	1.003672	45	52	47	47	48	48	49	49	49	49	50	50	50	50	51
64	49.936	1.009417	46	52	48	48	49	49	49	50	50	50	51	51	51	51	52
65	50.873	0.9999354	46	53	49	49	50	50	50	51	51	51	51	52	52	52	52
66	51.805	0.9969799	47	54	49	50	51	51	51	52	52	52	52	53	53	53	53
67	52.67	1.01199	49	55	50	51	51	52	52	53	53	53	53	53	54	54	54
68	53.623	1.035347	47	56	51	52	52	53	53	53	54	54	54	54	55	55	55
69	54.43	1.005042	51	57	52	53	53	54	54	54	54	55	55	55	56	56	56
70	55.377	1.055455	51	58	53	54	54	55	55	55	55	56	56	56	57	57	57
71	56.23	1.04028	52	59	54	54	55	55	56	56	56	57	57	57	57	58	58
72	57.195	1.002986	54	60	55	55	56	56	57	57	57	57	58	58	58	59	59
73	58.077	1.049844	54	61	56	56	57	57	58	58	58	58	59	59	59	59	60
74	58.941	1.034693	54	61	57	57	58	58	59	59	59	59	59	60	60	60	61
75	59.852	1.033036	56	62	57	58	58	59	59	60	60	60	60	61	61	61	61
76	60.824	1.076189	57	63	58	59	59	60	60	61	61	61	61	62	62	62	63
77	61.698	1.027547	58	64	59	60	60	61	61	62	62	62	62	63	63	63	63
78	62.57	1.066882	58	65	60	61	61	62	62	62	63	63	63	63	64	64	64
79	63.473	1.043245	59	66	61	62	62	63	63	63	64	64	64	64	65	65	65
80	64.353	1.005685	60	67	62	63	63	64	64	64	64	65	65	65	65	66	66
81	65.281	1.020333	61	68	63	63	64	65	65	65	65	66	66	66	66	67	67
82	66.215	1.074211	62	69	64	64	65	65	66	66	66	67	67	67	67	68	68
83	67.132	1.088007	63	70	65	65	66	66	67	67	67	67	68	68	68	69	69
84	68.074	1.053391	62	71	66	66	67	67	68	68	68	68	69	69	69	70	70
85	68.868	1.037136	64	71	66	67	68	68	68	69	69	69	69	70	70	70	71
86	69.842	1.028637	66	72	68	68	69	69	69	70	70	70	70	71	71	71	72
87	70.733	1.039611	67	73	68	69	69	70	70	71	71	71	71	72	72	72	72
88	71.632	1.082473	67	74	69	70	70	71	71	71	72	72	72	73	73	73	73
89	72.597	1.053423	68	75	70	71	71	72	72	72	73	73	73	73	74	74	74
90	73.459	1.090646	68	76	71	72	72	73	73	73	74	74	74	74	75	75	75
91	74.416	1.095511	70	77	72	73	73	74	74	74	75	75	75	75	76	76	76
92	75.303	1.075336	71	78	73	73	74	74	75	75	75	76	76	76	77	77	77
93	76.247	1.072913	72	79	74	74	75	75	76	76	76	77	77	77	77	78	78
94	77.233	1.028479	74	80	75	75	76	76	77	77	77	78	78	78	78	79	79
95	78.01	1.081235	74	81	76	76	77	77	78	78	78	78	79	79	79	80	80
96	78.942	1.075078	75	81	77	77	77	78	79	79	79	79	80	80	80	80	81
97	79.803	1.099727	76	82	77	78	78	79	79	80	80	80	80	81	81	81	82
98	80.804	1.114821	76	83	78	79	79	80	80	81	81	81	81	82	82	82	83
99	81.722	1.066702	78	84	79	80	80	81	81	82	82	82	82	83	83	83	83
100	82.603	1.156169	77	85	80	81	81	82	82	82	83	83	83	84	84	84	84
101	83.435	1.16496	80	86	81	81	82	83	83	83	84	84	84	84	85	85	85
102	84.496	1.054085	80	87	82	83	83	84	84	84	85	85	85	85	86	86	86
103	85.407	1.058523	82	88	83	84	84	85	85	85	86	86	86	86	87	87	87
104	86.265	1.154169	81	89	84	84	85	85	86	86	86	87	87	87	88	88	88
105	87.229	1.099895	83	90	85	85	86	86	87	87	87	88	88	88	88	89	89
106	88.136	1.112988	83	91	86	86	87	87	88	88	88	88	89	89	89	90	90
107	89.038	1.1506	84	92	86	87	88	88	89	89	89	89	90	90	90	91	91
108	89.95	1.111186	86	93	88	88	89	89	89	90	90	90	91	91	91	92	92
109	90.926	1.177247	87	94	88	89	89	90	90	91	91	91	92	92	92	93	93
110	91.809	1.133933	87	95	89	90	90	91	91	92	92	92	92	93	93	93	94
111	92.725	1.123671	88	95	90	91	91	92	92	93	93	93	93	94	94	94	95
112	93.654	1.125856	89	97	91	92	92	93	93	93	94	94	94	95	95	95	95
113	94.545	1.171045	90	97	92	92	93	94	94	94	95	95	95	96	96	96	96
114	95.45	1.156217	91	98	93	93	94	95	95	95	96	96	96	96	97	97	97
115	96.354	1.09813	91	100	94	95	95	96	96	96	96	97	97	97	98	98	98
116	97.312	1.137519	92	100	95	95	96	96	97	97	97	98	98	98	99	99	99
117	98.242	1.130803	94	101	96	96	97	97	98	98	98	99	99	99	100	100	100
118	99.203	1.147653	94	102	97	97	98	98	99	99	99	100	100	100	101	101	101
119	100.091	1.169653	93	103	97	98	99	99	100	100	100	100	101	101	101	102	102
120	100.981	1.145404	95	104	99	99	100	100	101	101	101	101	102	102	102	103	103
121	101.916	1.12348	97	105	99	100	101	101	101	102	102	102	103	103	103	103	104
122	102.881	1.172268	98	106	100	101	101	102	102	103	103	103	104	104	104	105	105
123	103.787	1.175165	100	106	101	102	102	103	103	104	104	104	104	105	105	106	106
124	104.742	1.10302	101	107	102	103	103	104	104	105	105	105	105	106	106	106	107
125	105.65	1.111186	100	108	103	104	104	105	105	105	106	106	106	107	107	107	107
126	106.627	1.176118	102	110	104	105	105	106	106	106	107	107	107	108	108	108	109
127	107.563	1.137244	103	110	105	106	106	107	107	107	108	108	108	108	109	109	109
128	108.422	1.126581	104	112	106	106	107	108	108	108	109	109	109	109	110	110	110
129	109.368	1.178119	103	112	107	107	108	108	109	109	109	110	110	110	111	111	111
130	110.288	1.156024	106	113	108	108	109	109	110	110	110	111	111	111	112	112	112
131	111.203	1.170111	107	114	108	109	110	110	111	111	111	112	112	112	113	113	113
132	112.17	1.16896	106	115	110	110	111	111	112	112	112	113	113	113	114	114	114
133	113.071	1.198915	109	116	110	111	112	112	113	113	113	113	114	114	114	115	115
134	114.013	1.144614	110	117	111	112	113	113	114	114	114	114	115	115	115	116	116
135	114.851	1.167974	110	118	112	113	113	114	114	115	115	115	116	116	116	116	117
136	115.889	1.167923	112	119	113	114	114	115	115	116	116	116	117	117	117	118	118
137	116.794	1.235755	112	120	114	115	115	116	116	117	117	117	118	118	118	119	119
138	117.651	1.196089	113	121	115	116	116	117	117	117	118	118	118	119	119	119	120
139	118.643	1.182772	114	121	116	117	117	118	118	118	119	119	119	120	120	120	121
140	119.542	1.24007	115	123	117	117	118	119	119	119	120	120	120	121	121	121	122
141	120.538	1.168727	117	124	118	119	119	120	120	120	121	121	121	122	122	122	122
142	121.46	1.22225	117	125	119	119	120	120	121	121	122	122	122	122	123	123	123
143	122.419	1.15619	117	125	120	120	121	122	122	122	123	123	123	123	124	124	124
144	123.23	1.220077	119	126	120	121	122	122	123	123	123	124	124	124	125	125	125
145	124.248	1.209942	119	127	122	122	123	123	124	124	124	125	125	125	126	126	126
146	125.198	1.131404	120	128	123	123	124	124	125	125	125	126	126	126	127	127	127
147	126.084	1.179124	121	129	123	124	125	125	126	126	126	126	127	127	127	128	128
148	126.985	1.192559	122	130	124	125	125	126	126	127	127	127	128	128	128	129	129
149	127.96	1.22225	124	131	125	126	126	127	127	128	128	128	129	129	129	130	130
150	128.893	1.177683	125	132	126	127	127	128	128	129	129	129	130	130	130	131	131
151	129.815	1.18329	124	133	127	128	128	129	129	130	130	130	130	131	131	132	132
152	130.731	1.204196	126	134	128	129	129	130	130	131	131	131	131	132	132	132	133
153	131.703	1.219951	127	135	129	130	130	131	131	131	132	132	132	133	133	133	134
154	132.693	1.228927	127	135	130	131	131	132	132	133	133	133	133	134	134	134	135
155	133.577	1.20811	129	137	131	132	132	133	133	133	134	134	134	135	135	135	136
156	134.463	1.236187	129	138	132	132	133	133	134	134	135	135	135	135	136	136	136
157	135.483	1.217042	130	138	133	133	134	135	135	135	136	136	136	136	137	137	137
158	136.394	1.257913	132	139	133	134	135	135	136	136	136	137	137	137	138	138	138
159	137.353	1.147915	133	140	135	135	136	136	137	137	137	138	138	138	139	139	139
160	138.092	1.291977	134	141	135	136	136	137	138	138	138	139	139	139	140	140	140
161	139.143	1.245834	135	142	136	137	138	138	139	139	139	140	140	140	141	141	141
162	140.109	1.26282	134	143	137	138	139	139	140	140	140	140	141	141	142	142	142
163	140.96	1.282203	136	144	138	139	139	140	140	141	141	141	142	142	142	143	143
164	141.998	1.217982	136	145	139	140	140	141	141	142	142	142	143	143	143	144	144
165	142.965	1.225266	138	146	140	141	141	142	142	143	143	143	144	144	144	145	145
166	143.796	1.346178	136	147	141	141	142	143	143	144	144	144	145	145	145	146	146
167	144.759	1.222462	138	148	142	143	143	144	144	145	145	145	145	146	146	147	147
168	145.684	1.230308	141	149	143	144	144	145	145	146	146	146	146	147	147	148	148
169	146.631	1.23789	142	150	144	144	145	146	146	146	147	147	147	148	148	148	149
170	147.552	1.227519	143	151	145	145	146	147	147	147	148	148	148	149	149	149	150
171	148.547	1.296716	143	152	146	146	147	147	148	148	149	149	149	150	150	150	151
172	149.434	1.256671	144	152	147	147	148	148	149	149	150	150	150	151	151	151	151
173	150.425	1.261732	145	153	148	148	149	149	150	150	151	151	151	151	152	152	152
174	151.339	1.30529	145	154	148	149	150	150	151	151	151	152	152	152	153	153	153
175	152.219	1.297969	147	156	149	150	151	151	152	152	152	153	153	153	154	154	154
176	153.137	1.278227	148	156	150	151	152	152	153	153	153	154	154	154	155	155	155
177	154.192	1.247675	149	157	152	152	153	153	154	154	154	155	155	155	156	156	156
178	155.032	1.225756	151	159	152	153	153	154	155	155	155	155	156	156	156	157	157
179	156.009	1.317063	149	159	153	154	154	155	155	156	156	156	157	157	158	158	158
180	156.963	1.321884	152	161	154	155	155	156	156	157	157	157	158	158	159	159	159
181	157.892	1.25056	153	161	155	156	156	157	157	158	158	158	159	159	159	160	160
182	158.865	1.313202	153	162	156	157	157	158	158	159	159	159	160	160	160	161	161
183	159.877	1.246364	155	163	157	158	158	159	159	160	160	160	161	161	161	162	162
184	160.716	1.237285	156	164	158	159	159	160	160	160	161	161	161	162	162	163	163
185	161.607	1.307004	157	165	159	159	160	161	161	161	162	162	162	163	163	163	164
186	162.659	1.318506	157	166	160	160	161	162	162	162	163	163	163	164	164	164	165
187	163.589	1.269524	159	166	161	161	162	163	163	163	164	164	164	165	165	165	166
188	164.491	1.31972	159	168	162	162	163	163	164	164	165	165	165	166	166	166	167
189	165.447	1.268385	160	169	162	163	164	165	165	165	166	166	166	166	167	167	167
190	166.425	1.295397	161	170	163	164	165	166	166	166	167	167	167	167	168	168	168
191	167.315	1.251935	163	171	165	165	166	166	167	167	167	168	168	168	169	169	169
192	168.329	1.287796	162	171	166	166	167	167	168	168	168	169	169	169	170	170	170
193	169.222	1.272924	164	172	166	167	168	168	169	169	169	170	170	170	171	171	171
194	170.068	1.288035	166	173	167	168	168	169	170	170	170	170	171	171	172	172	172
195	171.088	1.299979	166	174	168	169	169	170	170	171	171	171	172	172	173	173	173
196	172.087	1.241359	167	175	169	170	170	171	172	172	172	172	173	173	174	174	174
197	172.918	1.310341	168	176	170	171	171	172	172	173	173	173	174	174	174	175	175
198	173.867	1.270009	169	177	171	172	172	173	173	174	174	174	175	175	175	176	176
199	174.924	1.309175	169	178	172	173	173	174	174	175	175	175	176	176	176	177	177
200	175.793	1.225419	171	179	173	174	174	175	175	176	176	176	176	177	177	178	178
201	176.804	1.27719	172	180	174	175	175	176	176	177	177	177	178	178	178	179	179
202	177.576	1.332666	173	180	174	175	176	176	177	177	178	178	178	179	179	179	180
203	178.589	1.343087	173	182	175	176	177	178	178	178	179	179	179	180	180	181	181
204	179.492	1.343779	173	183	177	177	178	178	179	179	180	180	180	181	181	181	182
205	180.421	1.382632	176	185	177	178	179	179	180	180	181	181	181	182	182	182	183
206	181.434	1.299744	176	185	178	179	180	180	181	181	182	182	182	182	183	183	183
207	182.455	1.310608	177	185	179	180	181	182	182	182	183	183	183	184	184	184	185
208	183.231	1.330943	178	186	180	181	182	182	183	183	183	184	184	184	185	185	185
209	184.316	1.314485	179	187	181	182	183	183	184	184	184	185	185	185	186	186	187
210	185.281	1.233516	180	188	183	183	184	184	185	185	185	186	186	186	187	187	187
211	186.124	1.305499	182	189	183	184	184	185	186	186	186	187	187	187	188	188	188
212	187.07	1.320926	182	190	184	185	185	186	186	187	187	187	188	188	189	189	189
213	188.043	1.334516	182	191	185	186	186	187	187	188	188	189	189	189	190	190	190
214	188.954	1.322737	183	192	186	187	187	188	188	189	189	189	190	190	191	191	191
215	189.872	1.29433	186	193	187	188	188	189	189	190	190	190	191	191	191	192	192
216	190.863	1.34835	186	194	188	189	189	190	190	191	191	191	192	192	192	193	193
217	191.821	1.260376	187	195	189	190	190	191	191	192	192	192	193	193	193	194	194
218	192.778	1.311654	188	196	190	190	191	192	192	193	193	193	193	194	194	195	195
219	193.652	1.326143	189	197	191	191	192	193	193	193	194	194	194	195	195	196	196
220	194.662	1.308996	190	198	192	192	193	194	194	194	195	195	195	196	196	197	197
221	195.522	1.313484	190	199	192	193	194	194	195	195	196	196	196	197	197	197	198
222	196.519	1.315055	191	200	194	194	195	195	196	196	197	197	197	198	198	198	199
223	197.414	1.328295	193	200	194	195	196	196	197	197	198	198	198	199	199	199	200
224	198.382	1.277383	193	202	196	196	197	197	198	198	198	199	199	199	200	200	200
225	199.342	1.310249	195	203	196	197	198	198	199	199	199	200	200	200	201	201	202
226	200.336	1.321685	195	204	197	198	199	199	200	200	200	201	201	201	202	202	203
227	201.14	1.374878	196	204	198	199	199	200	201	201	201	202	202	202	203	203	203
228	202.239	1.349704	197	206	199	200	200	201	202	202	202	203	203	203	204	204	204
229	203.11	1.35637	196	206	200	201	201	202	203	203	203	204	204	204	205	205	205
230	204.14	1.3252	199	207	201	202	202	203	204	204	204	205	205	205	206	206	206
231	205.043	1.349434	199	209	202	203	203	204	204	205	205	205	206	206	207	207	207
232	205.938	1.326618	201	209	203	204	204	205	205	206	206	206	207	207	207	208	208
233	206.976	1.33011	202	210	204	205	205	206	206	207	207	207	208	208	208	209	209
234	207.878	1.343473	203	211	205	206	206	207	207	208	208	208	209	209	209	210	210
235	208.818	1.355254	204	212	205	206	207	208	208	209	209	209	210	210	210	211	211
236	209.761	1.318946	204	213	207	207	208	209	209	210	210	210	210	211	211	212	212
237	210.744	1.340246	205	214	208	208	209	210	210	211	211	211	212	212	212	213	213
238	211.665	1.360377	207	215	208	209	210	211	211	211	212	212	212	213	213	214	214
239	212.571	1.358236	207	216	209	210	211	212	212	212	213	213	213	214	214	215	215
240	213.652	1.294052	210	217	211	211	212	213	213	213	214	214	214	215	215	216	216
241	214.471	1.356097	210	218	211	212	213	213	214	214	215	215	215	216	216	216	217
242	215.424	1.324378	210	219	213	213	214	214	215	215	216	216	216	217	217	217	218
243	216.425	1.34096	211	220	213	214	215	215	216	216	217	217	217	218	218	218	219
244	217.365	1.330995	211	221	214	215	216	216	217	217	217	218	218	218	219	219	220
245	218.354	1.338086	213	222	215	216	217	217	218	218	218	219	219	219	220	220	221
246	219.235	1.345952	212	223	216	217	217	218	219	219	219	220	220	220	221	221	221
247	220.223	1.317956	216	223	217	218	218	219	220	220	220	221	221	221	222	222	222
248	221.195	1.344166	217	225	218	219	220	220	221	221	221	222	222	222	223	223	223
249	222.049	1.390875	216	225	219	220	220	221	221	222	222	222	223	223	224	224	224
250	223.038	1.330536	217	226	220	221	221	222	222	223	223	223	224	224	225	225	225
251	223.951	1.303955	218	228	221	222	222	223	223	224	224	224	225	225	226	226	226
252	224.935	1.358905	219	229	222	223	223	224	224	225	225	225	226	226	227	227	227
253	225.877	1.324245	220	231	223	224	224	225	225	226	226	226	227	227	227	228	228
254	226.825	1.348404	220	230	224	224	225	226	226	227	227	227	228	228	228	229	229
255	227.791	1.301158	224	231	225	226	226	227	227	228	228	228	229	229	229	230	230
256	228.762	1.353953	223	232	226	226	227	228	228	229	229	229	230	230	230	231	231
257	229.681	1.416773	225	233	226	227	228	229	229	229	230	230	230	231	231	232	232
258	230.72	1.345887	225	234	228	229	229	230	230	230	231	231	231	232	232	233	233
259	231.63	1.325465	227	235	229	229	230	231	231	231	232	232	232	233	233	234	234
260	232.483	1.362926	227	236	229	230	231	231	232	232	233	233	233	234	234	234	235
261	233.528	1.333039	229	237	231	231	232	232	233	233	234	234	234	235	235	235	236
262	234.38	1.344399	228	238	231	232	233	233	234	234	234	235	235	235	236	236	237
263	235.494	1.346022	230	239	233	233	234	234	235	235	236	236	236	237	237	237	238
264	236.39	1.373239	230	240	233	234	235	235	236	236	236	237	237	238	238	238	239
265	237.288	1.378752	229	241	234	235	236	236	237	237	237	238	238	238	239	239	240
266	238.219	1.343445	233	242	235	236	236	237	238	238	238	239	239	239	240	240	240
267	239.186	1.356187	233	243	236	237	237	238	239	239	239	240	240	240	241	241	241
268	240.123	1.349701	235	244	237	238	238	239	239	240	240	241	241	241	242	242	242
269	241.109	1.397524	232	244	238	239	239	240	241	241	241	242	242	242	243	243	243
270	242.032	1.356767	237	245	239	240	240	241	241	242	242	242	243	243	244	244	244
271	242.915	1.369544	238	246	240	241	241	242	242	243	243	243	244	244	245	245	245
272	243.974	1.359843	239	248	241	242	242	243	243	244	244	244	245	245	246	246	246
273	244.919	1.368324	240	248	242	242	243	244	244	245	245	245	246	246	247	247	247
274	245.818	1.405294	240	249	243	243	244	245	245	246	246	246	247	247	247	248	248
275	246.886	1.376553	241	250	244	244	245	246	246	247	247	247	248	248	248	249	249
276	247.781	1.328459	242	251	245	245	246	247	247	248	248	248	248	249	249	250	250
277	248.773	1.361369	244	252	245	246	247	248	248	249	249	249	250	250	250	251	251
278	249.612	1.379623	244	253	247	247	248	248	249	249	250	250	250	251	251	252	252
279	250.571	1.352327	245	254	248	248	249	249	250	250	251	251	251	252	252	253	253
280	251.552	1.393283	246	255	248	249	250	250	251	251	252	252	252	253	253	254	254
281	252.544	1.373299	248	256	249	250	251	251	252	252	253	253	253	254	254	254	255
282	253.381	1.404212	249	257	250	251	252	252	253	253	253	254	254	255	255	255	256
283	254.456	1.425516	250	258	251	252	253	253	254	254	255	255	255	256	256	257	257
284	255.371	1.392587	249	259	252	253	254	254	255	255	255	256	256	256	257	257	258
285	256.341	1.416589	251	260	253	254	255	255	256	256	256	257	257	257	258	258	259
286	257.311	1.404369	252	261	254	255	256	256	257	257	257	258	258	258	259	259	260
287	258.255	1.344538	254	262	255	256	257	257	258	258	258	259	259	259	260	260	261
288	259.21	1.400665	253	263	256	257	257	258	259	259	259	260	260	260	261	261	262
289	260.048	1.407721	255	264	257	258	258	259	259	260	260	261	261	261	262	262	262
290	261.096	1.349298	255	264	258	259	259	260	261	261	261	262	262	262	263	263	263
291	262.039	1.375271	257	266	259	260	260	261	261	262	262	262	263	263	264	264	264
292	262.989	1.360415	257	267	260	261	261	262	262	263	263	263	264	264	265	265	265
293	263.932	1.381769	259	267	261	261	262	263	263	264	264	264	265	265	266	266	266
294	264.874	1.338625	260	268	262	263	263	264	264	265	265	265	266	266	266	267	267
295	265.818	1.364822	260	270	263	264	264	265	265	266	266	266	267	267	267	268	268
296	266.788	1.393915	262	271	264	264	265	266	266	267	267	267	268	268	268	269	269
297	267.763	1.467987	262	271	264	265	266	267	267	268	268	268	269	269	269	270	270
298	268.731	1.395918	261	272	266	266	267	268	268	268	269	269	269	270	270	271	271
299	269.652	1.373602	262	273	266	267	268	269	269	269	270	270	270	271	271	272	272
300	270.591	1.391997	264	274	268	268	269	269	270	270	271	271	271	272	272	273	273
301	271.525	1.344315	267	275	269	269	270	270	271	271	272	272	272	273	273	274	274
302	272.461	1.431268	267	276	269	270	271	271	272	272	273	273	273	274	274	275	275
303	273.572	1.389513	268	277	270	271	272	273	273	273	274	274	274	275	275	276	276
304	274.509	1.374703	269	278	272	272	273	273	274	274	275	275	275	276	276	277	277
305	275.396	1.390366	271	279	272	273	274	274	275	275	276	276	276	277	277	277	278
306	276.391	1.354235	272	280	273	274	275	275	276	276	276	277	277	278	278	278	279
307	277.376	1.379321	272	281	274	275	276	276	277	277	277	278	278	279	279	279	280
308	278.304	1.468244	273	282	275	275	276	277	278	278	278	279	279	279	280	280	281
309	279.272	1.380551	274	283	276	277	278	278	279	279	279	280	280	280	281	281	282
310	280.125	1.443419	274	284	277	278	278	279	279	280	280	281	281	281	282	282	282
311	281.095	1.433188	274	285	278	279	279	280	280	281	281	282	282	282	283	283	283
312	282.056	1.420874	277	286	279	280	280	281	281	282	282	282	283	283	284	284	284
313	283.025	1.452062	277	287	280	280	281	282	282	283	283	284	284	284	285	285	285
314	283.943	1.413417	278	288	281	281	282	283	283	284	284	284	285	285	286	286	286
315	284.979	1.461059	280	289	282	282	283	284	284	285	285	285	286	286	287	287	287
316	285.86	1.473965	279	290	282	283	284	285	285	286	286	286	287	287	288	288	288
317	286.886	1.465999	278	290	284	285	285	286	286	287	287	287	288	288	289	289	289
318	287.776	1.45669	283	292	285	285	286	287	287	287	288	288	289	289	289	290	290
319	288.746	1.499911	283	292	285	286	287	288	288	288	289	289	290	290	291	291	291
320	289.601	1.41485	283	293	286	287	288	289	289	289	290	290	290	291	291	292	292
321	290.634	1.446422	286	294	287	288	289	289	290	290	291	291	291	292	292	293	293
322	291.578	1.392787	286	295	288	289	290	291	291	291	292	292	292	293	293	294	294
323	292.535	1.415902	286	296	289	290	291	291	292	292	293	293	293	294	294	295	295
324	293.521	1.386897	288	297	291	291	292	292	293	293	294	294	294	295	295	296	296
325	294.451	1.445576	288	298	291	292	293	293	294	294	295	295	295	296	296	297	297
326	295.341	1.467267	290	299	292	293	293	294	295	295	295	296	296	297	297	297	298
327	296.376	1.371315	292	300	293	294	295	295	296	296	296	297	297	298	298	298	299
328	297.268	1.439531	292	301	294	295	295	296	297	297	297	298	298	298	299	299	300
329	298.319	1.513119	292	302	295	296	296	297	298	298	298	299	299	300	300	301	301
330	299.22	1.426757	294	303	296	297	297	298	299	299	299	300	300	300	301	301	302
331	300.287	1.352945	295	304	297	298	299	299	300	300	300	301	301	301	302	302	303
332	301.107	1.441398	295	305	298	299	299	300	300	301	301	302	302	302	303	303	304
333	302.106	1.41165	298	307	299	300	300	301	301	302	302	303	303	303	304	304	305
334	303.047	1.436264	298	306	300	301	301	302	302	303	303	303	304	304	305	305	305
335	303.972	1.416058	298	308	301	302	302	303	303	304	304	304	305	305	306	306	306
336	304.937	1.405349	300	309	302	302	303	304	304	305	305	305	306	306	307	307	307
337	305.977	1.411546	299	309	303	304	304	305	305	306	306	306	307	307	308	308	308
338	306.836	1.481654	298	311	303	304	305	306	306	307	307	307	308	308	309	309	309
339	307.802	1.544403	301	312	304	305	306	307	307	308	308	308	309	309	310	310	310
340	308.83	1.463298	302	313	305	306	307	308	308	309	309	309	310	310	311	311	311
341	309.795	1.472801	304	313	306	307	308	309	309	310	310	310	311	311	312	312	312
342	310.64	1.450001	305	314	307	308	309	309	310	310	311	311	311	312	312	313	313
343	311.72	1.468249	306	315	308	309	310	311	311	312	312	312	313	313	313	314	314
344	312.598	1.447927	305	316	309	310	311	311	312	312	313	313	313	314	314	315	315
345	313.609	1.445756	307	318	310	311	312	312	313	313	314	314	314	315	315	316	316
346	314.523	1.459315	309	319	311	312	313	313	314	314	315	315	315	316	316	317	317
347	315.465	1.436955	310	319	312	313	314	314	315	315	316	316	316	317	317	318	318
348	316.44	1.394397	312	320	313	314	315	315	316	316	317	317	317	318	318	319	319
349	317.412	1.464377	312	321	314	315	316	316	317	317	318	318	318	319	319	320	320
350	318.246	1.518483	313	322	315	315	316	317	318	318	318	319	319	320	320	320	321
351	319.38	1.453862	313	323	316	317	318	318	319	319	319	320	320	321	321	321	322
352	320.277	1.533174	314	324	316	318	318	319	320	320	320	321	321	322	322	322	323
353	321.254	1.481783	316	325	318	319	319	320	321	321	321	322	322	322	323	323	324
354	322.151	1.479996	317	326	319	319	320	321	322	322	322	323	323	323	324	324	325
355	323.249	1.481619	317	328	320	321	321	322	323	323	323	324	324	324	325	325	326
356	324.106	1.468646	317	329	321	322	322	323	323	324	324	325	325	325	326	326	327
357	325.092	1.441393	320	329	322	323	323	324	324	325	325	326	326	326	327	327	327
358	325.948	1.507836	319	330	322	323	324	325	325	326	326	326	327	327	328	328	329
359	326.931	1.461634	321	331	324	324	325	326	326	327	327	327	328	328	329	329	329
360	327.95	1.448309	323	332	325	326	326	327	327	328	328	328	329	329	330	330	330
361	328.931	1.472551	322	332	325	326	327	328	328	329	329	329	330	330	331	331	331
362	329.838	1.478493	324	333	326	327	328	329	329	330	330	330	331	331	332	332	332
363	330.835	1.483231	325	335	328	328	329	330	330	331	331	331	332	332	333	333	333
364	331.771	1.480118	327	336	329	329	330	331	331	331	332	332	333	333	334	334	334
365	332.763	1.525503	324	336	329	330	331	332	332	332	333	333	334	334	335	335	335
366	333.707	1.45164	328	337	330	331	332	333	333	333	334	334	335	335	335	336	336
367	334.585	1.500342	329	338	331	332	333	333	334	334	335	335	335	336	336	337	337
368	335.543	1.442301	330	339	332	333	334	334	335	335	336	336	336	337	337	338	338
369	336.616	1.427789	331	340	333	334	335	336	336	336	337	337	337	338	338	339	339
370	337.494	1.508721	331	341	334	335	336	336	337	337	338	338	338	339	339	340	340
371	338.431	1.475607	332	342	335	336	337	337	338	338	339	339	339	340	340	341	341
372	339.499	1.462921	333	344	336	337	338	338	339	339	340	340	340	341	341	342	342
373	340.366	1.543511	335	344	337	338	338	339	340	340	340	341	341	342	342	343	343
374	341.401	1.486071	335	345	338	339	340	340	341	341	342	342	342	343	343	344	344
375	342.332	1.49265	335	346	339	340	340	341	342	342	342	343	343	344	344	345	345
376	343.269	1.492269	338	348	340	341	341	342	343	343	343	344	344	344	345	345	346
377	344.15	1.476374	338	348	341	342	342	343	343	344	344	345	345	345	346	346	347
378	345.179	1.482281	338	349	342	343	343	344	344	345	345	346	346	346	347	347	348
379	346.109	1.4931	339	350	343	343	344	345	345	346	346	347	347	347	348	348	349
380	347.105	1.510051	341	351	344	344	345	346	346	347	347	348	348	348	349	349	350
381	348.115	1.470353	343	352	345	346	346	347	347	348	348	349	349	349	350	350	351
382	348.989	1.478196	344	352	346	346	347	348	348	349	349	349	350	350	351	351	351
383	349.944	1.488987	343	354	346	347	348	349	349	350	350	350	351	351	352	352	352
384	350.956	1.478597	345	355	348	348	349	350	350	351	351	351	352	352	353	353	353
385	351.968	1.432839	347	356	349	350	350	351	351	352	352	352	353	353	354	354	354
386	352.881	1.528783	346	357	350	350	351	352	352	353	353	353	354	354	355	355	355
387	353.878	1.401099	347	358	351	352	352	353	353	354	354	354	355	355	356	356	356
388	354.743	1.518307	347	359	351	352	353	354	354	355	355	355	355	356	357	357	357
389	355.741	1.433867	351	359	353	353	354	355	355	355	356	356	357	357	357	358	358
390	356.676	1.425853	350	360	354	354	355	356	356	356	357	357	357	358	358	359	359
391	357.63	1.414603	353	361	355	355	356	356	357	357	358	358	358	359	359	360	360
392	358.647	1.508199	353	362	355	356	357	358	358	358	359	359	360	360	360	361	361
393	359.551	1.434384	353	363	356	357	358	358	359	359	360	360	360	361	361	362	362
394	360.535	1.467286	353	364	357	358	359	359	360	360	361	361	361	362	362	363	363
395	361.494	1.455363	356	366	358	359	360	360	361	361	362	362	362	363	363	364	364
396	362.495	1.486669	357	367	359	360	361	361	362	362	363	363	363	364	364	365	365
397	363.403	1.471311	357	367	360	361	361	362	363	363	364	364	364	365	365	366	366
398	364.326	1.466927	359	368	361	362	362	363	364	364	364	365	365	366	366	367	367
399	365.327	1.564135	359	369	362	363	363	364	365	365	365	366	366	367	367	368	368
400	366.355	1.509057	359	370	363	364	364	365	366	366	366	367	367	368	368	369	369
401	367.249	1.418807	362	371	364	365	365	366	367	367	367	368	368	368	369	369	370
402	368.166	1.448635	362	372	365	366	366	367	368	368	368	369	369	369	370	370	371
403	369.201	1.516872	362	373	366	367	367	368	368	369	369	370	370	370	371	371	372
404	370.114	1.491049	363	375	367	368	368	369	369	370	370	371	371	371	372	372	373
405	370.985	1.529416	365	375	367	368	369	370	370	371	371	371	372	372	373	373	373
406	371.963	1.526421	365	376	369	369	370	371	371	372	372	372	373	373	374	374	374
407	373.061	1.492483	367	377	370	371	371	372	372	373	373	374	374	374	375	375	376
408	373.89	1.52913	368	378	370	371	372	373	373	374	374	374	375	375	376	376	376
409	374.916	1.515665	370	379	371	372	373	374	374	375	375	375	376	376	377	377	377
410	375.861	1.483874	371	380	372	373	374	375	375	376	376	376	377	377	378	378	378
411	376.815	1.477484	371	380	373	374	375	376	376	377	377	377	378	378	379	379	379
412	377.755	1.498406	371	382	374	375	376	377	377	377	378	378	379	379	379	380	380
413	378.827	1.542547	373	383	375	376	377	378	378	379	379	379	380	380	381	381	381
414	379.727	1.537802	374	383	376	377	378	379	379	379	380	380	381	381	382	382	382
415	380.717	1.503719	376	385	377	378	379	380	380	380	381	381	382	382	383	383	383
416	381.566	1.593167	375	386	378	379	380	380	381	381	382	382	382	383	384	384	384
417	382.585	1.512304	377	387	379	380	381	381	382	382	383	383	383	384	384	385	385
418	383.602	1.454549	378	388	380	381	382	382	383	383	384	384	384	385	385	386	386
419	384.469	1.466011	379	388	381	382	383	383	384	384	385	385	385	386	386	387	387
420	385.524	1.520439	381	390	382	383	383	384	385	385	386	386	386	387	387	388	388
421	386.426	1.49625	380	390	383	384	384	385	386	386	387	387	387	388	388	389	389
422	387.365	1.529743	381	391	384	385	385	386	387	387	387	388	388	389	389	390	390
423	388.358	1.513978	381	392	385	386	386	387	388	388	388	389	389	390	390	391	391
424	389.341	1.502324	382	394	386	387	387	388	389	389	389	390	390	391	391	392	392
425	390.222	1.510297	384	395	387	388	388	389	390	390	390	391	391	391	392	392	393
426	391.27	1.56062	385	395	388	389	389	390	391	391	391	392	392	393	393	394	394
427	392.256	1.513524	386	396	389	390	390	391	392	392	392	393	393	393	394	394	395
428	393.176	1.56444	387	398	390	391	391	392	392	393	393	394	394	395	395	395	396
429	394.137	1.523336	387	398	391	392	392	393	393	394	394	395	395	395	396	396	397
430	395.161	1.532131	391	400	392	393	393	394	394	395	395	396	396	396	397	398	398
431	396.101	1.507671	392	400	393	393	394	395	395	396	396	397	397	397	398	398	399
432	396.985	1.57774	389	401	393	394	395	396	396	397	397	398	398	398	399	399	400
433	397.977	1.550121	393	402	395	395	396	397	397	398	398	398	399	399	400	400	401
434	398.943	1.548596	393	404	395	396	397	398	398	399	399	399	400	400	401	401	402
435	399.908	1.5401	393	404	397	397	398	399	399	400	400	400	401	401	402	402	402
436	400.825	1.541022	395	405	397	398	399	400	400	400	401	401	402	402	403	403	403
437	401.86	1.545571	395	406	398	399	400	401	401	402	402	402	403	403	404	404	404
438	402.85	1.455204	397	407	400	400	401	402	402	403	403	403	404	404	405	405	405
439	403.801	1.522405	397	408	400	401	402	403	403	404	404	404	405	405	406	406	406
440	404.713	1.495616	399	409	401	402	403	403	404	404	405	405	406	406	407	407	407
441	405.648	1.56094	400	409	402	403	404	404	405	405	406	406	406	407	408	408	408
442	406.621	1.507193	401	411	403	404	405	405	406	406	407	407	407	408	408	409	409
443	407.641	1.433239	402	412	405	405	406	407	407	407	408	408	408	409	409	410	410
444	408.601	1.50933	402	413	405	406	407	407	408	408	409	409	409	410	410	411	411
445	409.518	1.547925	404	414	406	407	408	408	409	409	410	410	410	411	411	412	412
446	410.544	1.541571	404	415	407	408	409	409	410	410	411	411	411	412	412	413	413
447	411.488	1.632336	404	415	408	409	409	410	411	411	412	412	412	413	414	414	414
448	412.277	1.557143	406	417	409	410	410	411	412	412	412	413	413	414	414	415	415
449	413.366	1.555141	406	418	410	411	411	412	413	413	413	414	414	415	415	416	416
450	414.251	1.621304	408	418	411	411	412	413	413	414	414	415	415	416	416	417	417
451	415.251	1.605172	406	420	412	413	413	414	415	415	415	416	416	417	417	418	418
452	416.249	1.574	410	420	413	414	414	415	416	416	416	417	417	418	418	419	419
453	417.243	1.529147	412	421	414	415	415	416	417	417	417	418	418	419	419	420	420
454	418.103	1.612138	412	422	414	415	416	417	417	418	418	419	419	419	420	421	421
455	419.043	1.56256	413	423	415	416	417	418	418	419	419	420	420	420	421	421	422
456	420.118	1.514718	412	424	417	418	418	419	419	420	420	421	421	421	422	422	423
457	421.071	1.535681	416	425	418	418	419	420	420	421	421	422	422	422	423	423	423
458	421.988	1.603255	414	426	419	419	420	421	421	422	422	423	423	423	424	424	425
459	423.001	1.606107	417	427	419	420	421	422	422	423	423	424	424	424	425	425	426
460	423.895	1.587607	417	428	420	421	422	423	423	424	424	424	425	425	426	426	427
461	424.908	1.626709	416	429	421	422	423	424	424	425	425	425	426	426	427	427	428
462	425.86	1.53843	420	430	422	423	424	425	425	426	426	426	427	427	428	428	428
463	426.809	1.552072	419	430	423	424	425	426	426	427	427	427	428	428	429	429	429
464	427.759	1.646703	420	432	424	425	426	427	427	427	428	428	429	429	430	430	431
465	428.808	1.562555	420	433	425	426	427	428	428	429	429	429	430	430	431	431	431
466	429.714	1.450623	424	434	427	427	428	428	429	429	430	430	431	431	431	432	432
467	430.728	1.507411	424	435	427	428	429	430	430	430	431	431	432	432	433	433	433
468	431.637	1.579787	427	436	428	429	430	430	431	431	432	432	432	433	434	434	434
469	432.632	1.552735	427	437	429	430	431	431	432	432	433	433	433	434	435	435	435
470	433.595	1.577804	427	438	430	431	432	432	433	433	434	434	434	435	435	436	436
471	434.578	1.538923	430	438	431	432	433	433	434	434	435	435	435	436	436	437	437
472	435.487	1.629259	429	440	432	433	433	434	435	435	436	436	436	437	437	438	438
473	436.485	1.591323	429	441	433	434	434	435	436	436	437	437	437	438	438	439	439
474	437.503	1.623153	430	441	434	435	435	436	437	437	438	438	438	439	439	440	440
475	438.389	1.585621	432	442	435	435	436	437	438	438	439	439	439	440	440	441	441
476	439.401	1.547447	434	444	436	437	437	438	439	439	439	440	440	441	441	442	442
477	440.417	1.519678	434	445	437	438	439	439	440	440	440	441	441	442	442	443	443
478	441.272	1.544798	436	446	438	439	439	440	441	441	441	442	442	443	443	444	444
479	442.241	1.539899	437	447	439	440	440	441	442	442	442	443	443	443	444	445	445
480	443.178	1.57251	438	447	440	440	441	442	442	443	443	444	444	444	445	446	446
481	444.179	1.588547	439	448	440	441	442	443	443	444	444	445	445	445	446	447	447
482	445.184	1.531826	440	449	441	443	443	444	445	445	445	446	446	446	447	447	448
483	446.142	1.527799	440	450	443	444	444	445	445	446	446	447	447	447	448	448	449
484	447.039	1.574789	442	452	444	444	445	446	446	447	447	447	448	448	449	449	450
485	448.089	1.591104	442	452	444	445	446	447	447	448	448	449	449	449	450	450	451
486	449.053	1.555831	443	453	445	446	447	448	448	449	449	449	450	450	451	451	452
487	449.982	1.548572	443	454	447	447	448	449	449	450	450	451	451	451	452	452	453
488	450.944	1.574593	445	455	447	448	449	450	450	451	451	451	452	452	453	453	454
489	451.9	1.507406	447	456	449	449	450	451	451	452	452	452	453	453	454	454	455
490	452.784	1.576651	446	457	449	450	451	452	452	453	453	453	454	454	455	455	455
491	453.858	1.542146	448	458	450	451	452	453	453	454	454	454	455	455	456	456	457
492	454.743	1.541209	448	459	451	452	453	454	454	454	455	455	456	456	457	457	457
493	455.709	1.604648	449	461	452	453	454	454	455	455	456	456	457	457	458	458	458
494	456.731	1.622736	450	461	453	454	455	455	456	456	457	457	458	458	459	459	460
495	457.589	1.548702	452	461	454	455	456	456	457	457	458	458	458	459	459	460	460
496	458.602	1.572918	454	463	455	456	456	457	458	458	459	459	460	460	461	461	461
497	459.566	1.565917	453	464	456	457	458	458	459	459	460	460	460	461	461	462	462
498	460.574	1.642931	454	465	456	458	459	459	460	460	461	461	462	462	462	463	463
499	461.54	1.579524	455	466	458	459	460	460	461	461	462	462	462	463	463	464	464
500	462.56	1.524705	457	467	459	460	461	461	462	462	463	463	463	464	464	465	465
501	463.466	1.620948	458	467	460	461	461	462	463	463	464	464	464	465	465	466	466
502	464.447	1.637031	458	468	461	462	462	463	464	464	465	465	465	466	466	467	467
503	465.338	1.575512	459	469	462	463	463	464	465	465	465	466	466	467	467	468	468
504	466.338	1.588798	460	470	463	464	464	465	466	466	466	467	467	468	468	469	469
505	467.269	1.620267	462	472	463	464	465	466	467	467	467	468	468	469	469	470	470
506	468.235	1.629856	462	472	464	465	466	467	468	468	468	469	469	470	470	471	471
507	469.303	1.529552	462	473	466	467	467	468	469	469	469	470	470	471	471	471	472
508	470.328	1.533874	465	475	467	467	468	469	470	470	470	471	471	472	472	473	473
509	471.133	1.518426	465	475	468	468	469	470	470	471	471	472	472	472	473	473	474
510	472.117	1.619238	465	477	469	469	470	471	471	472	472	473	473	473	474	474	475
511	473.119	1.60668	465	477	470	470	471	472	472	473	473	474	474	474	475	475	476
512	474.094	1.596155	467	479	470	471	472	473	473	474	474	475	475	475	476	476	477
513	475.108	1.58709	469	479	471	472	473	474	474	475	475	476	476	476	477	477	478
514	475.895	1.590756	470	480	472	473	474	475	475	476	476	476	477	477	478	478	479
515	476.903	1.599422	471	481	473	474	475	476	476	477	477	477	478	478	479	479	480
516	477.883	1.609317	472	482	474	475	476	477	477	478	478	478	479	479	480	480	480
517	478.888	1.607495	473	483	475	476	477	478	478	479	479	479	480	480	481	481	482
518	479.931	1.55649	473	484	476	477	478	479	479	480	480	480	481	481	482	482	482
519	480.891	1.536711	476	485	478	478	479	480	480	481	481	481	482	482	483	483	484
520	481.753	1.616974	476	487	478	479	480	480	481	481	482	482	483	483	484	484	484
521	482.788	1.55289	476	487	479	480	481	482	482	483	483	483	484	484	485	485	485
522	483.82	1.556285	478	488	480	481	482	483	483	483	484	484	485	485	486	486	486
523	484.649	1.563408	478	489	481	482	483	483	484	484	485	485	486	486	487	487	487
524	485.546	1.646388	479	489	482	483	483	484	485	485	486	486	486	487	488	488	488
525	486.637	1.563226	481	491	483	484	485	485	486	486	487	487	488	488	488	489	489
526	487.576	1.614568	481	493	484	485	485	486	487	487	488	488	488	489	490	490	490
527	488.52	1.680007	482	493	484	486	486	487	488	488	489	489	489	490	490	491	491
528	489.542	1.523994	485	494	486	487	488	488	489	489	490	490	490	491	491	492	492
529	490.414	1.598487	485	494	487	488	488	489	490	490	491	491	491	492	492	493	493
530	491.369	1.709316	484	495	487	488	489	490	491	491	491	492	492	493	493	494	494
531	492.342	1.608609	486	497	489	490	490	491	491	492	492	493	493	494	494	495	495
532	493.278	1.648464	488	498	490	490	491	492	492	493	493	494	494	495	495	496	496
533	494.315	1.618764	488	498	491	492	492	493	494	494	494	495	495	496	496	497	497
534	495.32	1.572282	490	499	492	493	493	494	495	495	495	496	496	497	497	498	498
535	496.28	1.572282	489	500	493	494	494	495	496	496	496	497	497	498	498	499	499
536	497.254	1.64809	491	501	493	494	495	496	497	497	497	498	498	499	499	500	500
537	498.273	1.531279	492	502	495	496	496	497	498	498	498	499	499	500	500	501	501
538	499.299	1.571008	492	503	496	497	497	498	499	499	499	500	500	501	501	502	502
539	500.044	1.667587	493	504	496	497	498	499	499	500	500	501	501	501	502	502	503
540	501.056	1.611664	494	506	497	498	499	500	500	501	501	502	502	502	503	503	504
541	502.07	1.513734	496	506	499	499	500	501	501	502	502	503	503	503	504	504	505
542	502.994	1.624994	497	507	499	500	501	502	502	503	503	503	504	504	505	505	506
543	503.934	1.583082	498	508	500	501	502	503	503	504	504	504	505	505	506	506	507
544	504.817	1.646275	498	509	501	502	503	504	504	505	505	505	506	506	507	507	508
545	505.936	1.581267	501	510	502	503	504	505	505	506	506	506	507	507	508	508	509
546	506.889	1.586567	500	511	503	504	505	506	506	507	507	507	508	508	509	509	510
547	507.801	1.61741	502	512	504	505	506	507	507	508	508	508	509	509	510	510	510
548	508.758	1.586806	502	513	505	506	507	507	508	508	509	509	510	510	511	511	511
549	509.773	1.586817	503	513	506	507	508	508	509	510	510	510	511	511	512	512	512
550	510.693	1.60291	505	515	507	508	509	509	510	510	511	511	512	512	513	513	513
551	511.729	1.603162	505	515	508	509	510	510	511	511	512	512	513	513	514	514	514
552	512.631	1.547008	506	517	509	510	511	511	512	512	513	513	514	514	514	515	515
553	513.692	1.650412	508	519	510	511	512	512	513	513	514	514	515	515	516	516	517
554	514.591	1.589417	510	519	511	512	512	513	514	514	515	515	516	516	517	517	517
555	515.596	1.607286	510	519	512	513	513	514	515	515	516	516	517	517	518	518	518
556	516.651	1.629065	511	521	513	514	514	515	516	516	517	517	518	518	519	519	519
557	517.528	1.631526	512	521	514	515	515	516	517	517	518	518	518	519	520	520	520
558	518.418	1.688824	510	522	515	516	516	517	518	518	519	519	519	520	520	521	521
559	519.363	1.672132	513	525	516	516	517	518	519	519	519	520	520	521	521	522	522
560	520.358	1.60699	514	525	517	518	518	519	520	520	520	521	521	522	522	523	523
561	521.405	1.683987	513	525	517	518	519	520	521	521	522	522	522	523	523	524	524
562	522.224	1.645762	515	527	519	519	520	521	521	522	522	523	523	524	524	525	525
563	523.302	1.601049	517	527	519	521	521	522	523	523	523	524	524	525	525	526	526
564	524.156	1.656626	517	528	520	521	522	523	523	524	524	525	525	526	526	527	527
565	525.218	1.602199	518	529	521	522	523	524	525	525	525	526	526	527	527	528	528
566	526.194	1.591508	518	530	523	523	524	525	525	526	526	527	527	527	528	529	529
567	527.111	1.626445	521	531	524	524	525	526	526	527	527	528	528	528	529	530	530
568	528.116	1.646589	521	532	524	525	526	527	527	528	528	529	529	530	530	531	531
569	529.033	1.653071	523	533	525	526	527	528	528	529	529	530	530	530	531	532	532
570	530.073	1.572305	525	534	526	527	528	529	529	530	530	531	531	531	532	533	533
571	530.948	1.680512	525	535	527	528	529	530	530	531	531	531	532	532	533	533	534
572	531.996	1.650063	525	536	528	529	530	531	531	532	532	532	533	533	534	534	535
573	533.065	1.588489	526	537	530	530	531	532	532	533	533	534	534	534	535	536	536
574	533.996	1.62992	527	538	530	531	532	533	533	534	534	535	535	535	536	536	537
575	535.028	1.574069	529	539	531	532	533	534	534	535	535	536	536	536	537	537	538
576	535.835	1.590693	530	540	532	533	534	535	535	536	536	536	537	537	538	538	539
577	536.866	1.619465	531	541	533	534	535	536	536	537	537	537	538	538	539	539	539
578	537.866	1.595177	532	543	534	535	536	537	537	538	538	538	539	539	540	540	541
579	538.837	1.586489	533	543	535	536	537	538	538	539	539	539	540	540	541	541	541
580	539.796	1.578251	534	544	536	537	538	539	539	539	540	540	541	541	542	542	543
581	540.667	1.698528	533	545	537	538	538	539	540	540	541	541	542	542	543	543	543
582	541.64	1.604673	535	546	538	539	540	540	541	541	542	542	543	543	544	544	544
583	542.586	1.623342	534	547	539	540	540	541	542	542	543	543	543	544	544	545	545
584	543.596	1.65273	537	548	540	541	541	542	543	543	544	544	545	545	546	546	546
585	544.626	1.613297	538	548	541	542	543	543	544	544	545	545	546	546	547	547	547
586	545.503	1.605169	539	550	542	543	543	544	545	545	546	546	546	547	547	548	548
587	546.395	1.666659	540	551	543	543	544	545	546	546	546	547	547	548	548	549	549
588	547.441	1.668923	542	552	544	544	545	546	547	547	548	548	548	549	549	550	550
589	548.455	1.637882	542	553	545	545	546	547	548	548	549	549	549	550	550	551	551
590	549.405	1.658833	543	554	546	546	547	548	549	549	550	550	550	551	551	552	552
591	550.344	1.585616	545	555	547	548	548	549	550	550	550	551	551	552	552	553	553
592	551.344	1.725874	544	556	547	548	549	550	551	551	551	552	552	553	553	554	554
593	552.427	1.631359	546	557	549	550	550	551	552	552	553	553	553	554	554	555	555
594	553.217	1.586325	548	557	550	550	551	552	552	553	553	554	554	555	555	556	556
595	554.251	1.555126	548	558	551	551	552	553	554	554	554	555	555	556	556	557	557
596	555.322	1.587714	550	560	552	553	553	554	555	555	555	556	556	557	557	558	558
597	556.258	1.557518	551	561	553	554	554	555	556	556	556	557	557	558	558	559	559
598	557.2	1.59579	552	562	554	554	555	556	556	557	557	558	558	559	559	560	560
599	558.111	1.650273	552	563	555	555	556	557	557	558	558	559	559	559	560	561	561
600	559.08	1.711879	551	563	555	556	557	558	558	559	559	560	560	560	561	562	562
601	560.069	1.676619	554	565	556	557	558	559	559	560	560	561	561	561	562	563	563
602	560.991	1.690496	553	567	557	558	559	560	560	561	561	562	562	562	563	563	564
603	561.968	1.664857	554	566	558	559	560	561	561	562	562	562	563	563	564	564	565
604	562.988	1.660305	557	568	559	560	561	562	562	563	563	563	564	564	565	565	566
605	563.989	1.695215	557	568	560	561	562	563	563	564	564	565	565	565	566	566	567
606	564.927	1.634118	559	570	561	562	563	564	564	565	565	565	566	566	567	567	568
607	565.777	1.636444	558	570	562	563	564	564	565	565	566	566	567	567	568	568	569
608	566.862	1.653387	560	571	563	564	565	566	566	567	567	567	568	568	569	569	570
609	567.703	1.663598	561	573	564	565	566	566	567	567	568	568	569	569	570	570	571
610	568.804	1.652972	562	573	565	566	567	567	568	568	569	569	570	570	571	571	572
611	569.803	1.667024	560	574	566	567	568	569	569	570	570	570	571	571	572	572	573
612	570.664	1.640669	564	575	567	568	569	569	570	570	571	571	572	572	573	573	573
613	571.707	1.637019	566	576	568	569	570	570	571	571	572	572	573	573	574	574	574
614	572.61	1.627436	566	577	569	570	570	571	572	572	573	573	573	574	575	575	575
615	573.567	1.565235	568	578	570	571	571	572	573	573	574	574	574	575	575	576	576
616	574.534	1.633252	567	579	571	572	572	573	574	574	575	575	575	576	576	577	577
617	575.519	1.649958	569	581	572	573	573	574	575	575	576	576	576	577	578	578	578
618	576.573	1.613467	569	581	573	574	574	575	576	576	577	577	578	578	578	579	579
619	577.463	1.705738	571	582	573	574	575	576	577	577	578	578	578	579	580	580	580
620	578.45	1.662005	573	583	575	575	576	577	578	578	579	579	579	580	580	581	581
621	579.416	1.688726	571	584	576	576	577	578	579	579	580	580	580	581	581	582	582
622	580.372	1.618714	574	584	577	578	578	579	580	580	581	581	581	582	582	583	583
623	581.34	1.647761	575	585	578	578	579	580	581	581	581	582	582	583	583	584	584
624	582.268	1.726023	576	587	578	579	580	581	582	582	582	583	583	584	584	585	585
625	583.165	1.703725	573	587	579	580	581	582	582	583	583	584	584	585	585	586	586
626	584.3	1.683697	578	588	581	581	582	583	584	584	584	585	585	586	586	587	587
627	585.291	1.664058	580	589	582	582	583	584	584	585	585	586	586	587	587	588	588
628	586.282	1.622069	580	591	583	583	584	585	586	586	586	587	587	588	588	589	589
629	587.151	1.637951	581	591	584	584	585	586	586	587	587	588	588	589	589	590	590
630	588.158	1.649168	582	593	584	585	586	587	587	588	588	589	589	590	590	591	591
631	589.04	1.644112	582	594	585	586	587	588	588	589	589	590	590	590	591	591	592
632	590.074	1.548846	585	594	587	587	588	589	589	590	590	591	591	591	592	592	593
633	591.032	1.674449	585	595	587	588	589	590	590	591	591	592	592	592	593	594	594
634	592.057	1.704305	586	596	588	589	590	591	591	592	592	593	593	593	594	595	595
635	592.945	1.684284	586	598	589	590	591	592	592	593	593	593	594	594	595	596	596
636	593.873	1.683956	587	599	590	591	592	593	593	594	594	594	595	595	596	596	597
637	594.906	1.619811	589	600	591	592	593	594	594	595	595	595	596	596	597	597	598
638	595.878	1.732662	589	601	592	593	594	595	595	596	596	596	597	597	598	598	599
639	596.75	1.613724	591	601	593	594	595	595	596	596	597	597	598	598	599	599	600
640	597.793	1.677786	591	603	594	595	596	596	597	597	598	598	599	599	600	600	601
641	598.831	1.703332	592	603	595	596	597	597	598	599	599	599	600	600	601	601	602
642	599.715	1.663894	593	604	596	597	598	598	599	599	600	600	601	601	602	602	602
643	600.641	1.707933	595	605	597	598	599	599	600	600	601	601	602	602	603	603	604
644	601.699	1.636177	594	607	598	599	600	600	601	601	602	602	603	603	604	604	604
645	602.617	1.686759	594	607	598	600	601	601	602	602	603	603	604	604	605	605	605
646	603.612	1.634052	597	608	600	601	602	602	603	603	604	604	605	605	606	606	606
647	604.582	1.66855	599	609	601	602	602	603	604	604	605	605	606	606	607	607	607
648	605.613	1.672132	599	610	602	603	603	604	605	605	606	606	607	607	608	608	608
649	606.433	1.688894	598	611	602	604	604	605	606	606	607	607	607	608	609	609	609
650	607.434	1.636558	600	611	604	605	605	606	607	607	608	608	608	609	609	610	610
651	608.519	1.598184	603	613	605	606	607	607	608	608	609	609	609	610	610	611	611
652	609.369	1.641199	602	613	606	606	607	608	609	609	609	610	610	611	611	612	612
653	610.386	1.645513	603	615	607	608	608	609	610	610	611	611	611	612	612	613	613
654	611.274	1.676823	605	615	608	608	609	610	611	611	611	612	612	613	613	614	614
655	612.252	1.663509	605	617	609	610	610	611	611	612	612	613	613	614	614	615	615
656	613.38	1.645694	607	618	610	611	611	612	613	613	613	614	614	615	615	616	616
657	614.277	1.683777	609	619	611	611	612	613	614	614	614	615	615	616	616	617	617
658	615.209	1.672757	609	620	612	612	613	614	614	615	615	616	616	617	617	618	618
659	616.209	1.69239	607	620	612	613	614	615	615	616	616	617	617	618	618	619	619
660	617.165	1.6675	610	622	613	614	615	616	616	617	617	618	618	619	619	620	620
661	618.166	1.688578	611	622	614	615	616	617	617	618	618	619	619	620	620	621	621
662	619.119	1.678588	613	623	615	616	617	618	618	619	619	620	620	621	621	622	622
663	620.121	1.656836	613	624	616	617	618	619	619	620	620	621	621	621	622	623	623
664	621.121	1.641052	614	625	617	618	619	620	620	621	621	622	622	623	623	624	624
665	622.048	1.753502	616	627	618	619	620	621	621	622	622	623	623	624	624	625	625
666	623.051	1.660469	618	627	619	620	621	622	622	623	623	624	624	624	625	626	626
667	624.004	1.664558	617	629	620	621	622	623	623	624	624	625	625	625	626	627	627
668	624.864	1.666818	618	629	621	622	623	624	624	625	625	625	626	626	627	627	628
669	625.955	1.663052	619	631	622	623	624	625	625	626	626	626	627	627	628	629	629
670	626.845	1.736661	620	632	623	624	625	625	626	627	627	627	628	628	629	629	630
671	627.931	1.693844	621	632	624	625	626	627	627	628	628	628	629	629	630	630	631
672	628.742	1.699507	623	633	625	626	627	627	628	628	629	629	630	630	631	631	632
673	629.754	1.691255	624	635	626	627	628	629	629	629	630	630	631	631	632	632	633
674	630.748	1.673708	624	635	627	628	629	629	630	630	631	631	632	632	633	633	634
675	631.736	1.7115	626	636	628	629	630	630	631	631	632	632	633	633	634	634	635
676	632.738	1.698305	626	637	629	630	631	631	632	632	633	633	634	634	635	635	636
677	633.654	1.68021	628	638	630	631	631	632	633	633	634	634	635	635	636	636	637
678	634.656	1.665063	629	639	631	632	632	633	634	634	635	635	636	636	637	637	637
679	635.604	1.659499	630	640	632	633	634	634	635	635	636	636	636	637	638	638	639
680	636.519	1.712475	629	641	633	633	634	635	636	636	637	637	637	638	639	639	639
681	637.394	1.705777	630	642	633	634	635	636	637	637	637	638	638	639	639	640	640
682	638.574	1.654467	632	643	635	636	636	637	638	638	639	639	640	640	641	641	641
683	639.456	1.680145	632	644	636	637	637	638	639	639	640	640	640	641	642	642	642
684	640.431	1.717611	633	645	637	637	638	639	640	640	641	641	641	642	643	643	643
685	641.444	1.613526	636	646	638	639	639	640	641	641	641	642	642	643	643	644	644
686	642.354	1.703404	636	647	639	639	640	641	642	642	642	643	643	644	644	645	645
687	643.331	1.648683	638	649	640	640	641	642	643	643	643	644	644	645	645	646	646
688	644.401	1.626913	639	649	641	642	642	643	644	644	645	645	645	646	646	647	647
689	645.332	1.608839	640	649	642	643	643	644	645	645	645	646	646	647	647	648	648
690	646.297	1.692234	641	651	642	643	644	645	646	646	646	647	647	648	648	649	649
691	647.259	1.67174	641	652	644	644	645	646	646	647	647	648	648	649	649	650	650
692	648.171	1.759789	642	653	644	645	646	647	647	648	648	649	649	650	650	651	651
693	649.136	1.701881	641	653	645	646	647	648	648	649	649	650	650	651	651	652	652
694	650.159	1.736299	643	655	646	647	648	649	649	650	650	651	651	652	652	653	653
695	651.124	1.731942	644	656	647	648	649	650	650	651	651	652	652	653	653	654	654
696	652.049	1.719173	645	656	648	649	650	651	651	652	652	653	653	653	654	655	655
697	653.115	1.65424	646	657	649	650	651	652	652	653	653	654	654	655	655	656	656
698	654.008	1.735208	647	658	650	651	652	653	653	654	654	655	655	655	656	657	657
699	654.889	1.748066	646	659	651	652	653	654	654	655	655	655	656	656	657	657	658
700	655.993	1.699364	648	661	652	653	654	655	655	656	656	656	657	657	658	659	659
701	657.004	1.696721	650	662	653	654	655	656	656	657	657	657	658	658	659	660	660
702	657.982	1.69722	652	663	654	655	656	657	657	658	658	659	659	659	660	661	661
703	658.762	1.677549	653	664	655	656	657	658	658	658	659	659	660	660	661	661	662
704	659.813	1.741569	654	665	656	657	658	658	659	660	660	660	661	661	662	662	663
705	660.77	1.72397	652	666	657	658	659	659	660	660	661	661	662	662	663	663	664
706	661.73	1.676876	656	666	658	659	659	660	661	662	662	662	663	663	664	664	665
707	662.862	1.721604	657	667	659	660	661	662	662	663	663	663	664	664	665	665	666
708	663.739	1.652153	657	668	660	661	662	662	663	663	664	664	665	665	666	666	667
709	664.66	1.67786	660	670	661	662	662	663	664	664	665	665	666	666	667	667	668
710	665.724	1.701387	658	670	662	663	664	664	665	665	666	666	667	667	668	668	668
711	666.565	1.714852	658	671	663	664	664	665	666	666	667	667	668	668	669	669	670
712	667.594	1.670316	660	672	664	665	665	666	667	667	668	668	669	669	670	670	670
713	668.549	1.728753	663	673	665	666	666	667	668	668	669	669	670	670	671	671	671
714	669.574	1.737107	662	675	665	667	667	668	669	669	670	670	671	671	672	672	672
715	670.558	1.778144	663	675	666	668	668	669	670	670	671	671	672	672	673	673	674
716	671.45	1.723505	666	676	668	669	669	670	671	671	672	672	672	673	674	674	674
717	672.515	1.664496	666	677	669	670	670	671	672	672	673	673	673	674	674	675	675
718	673.435	1.634762	668	678	670	671	671	672	673	673	674	674	674	675	675	676	676
719	674.465	1.729672	667	679	671	672	672	673	674	674	675	675	675	676	677	677	677
720	675.378	1.715243	669	680	672	672	673	674	675	675	675	676	676	677	677	678	678
721	676.407	1.71356	667	681	673	674	674	675	676	676	677	677	677	678	678	679	679
722	677.315	1.775085	671	683	673	674	675	676	676	677	677	678	678	679	679	680	680
723	678.335	1.629549	673	683	675	676	676	677	678	678	678	679	679	680	680	681	681
724	679.253	1.716956	672	684	675	676	677	678	678	679	679	680	680	681	681	682	682
725	680.264	1.764488	673	685	676	677	678	679	679	680	680	681	681	682	682	683	683
726	681.128	1.798012	672	685	677	678	679	680	680	681	681	682	682	683	683	684	684
727	682.158	1.722208	675	687	678	679	680	681	681	682	682	683	683	684	684	685	685
728	683.18	1.780666	676	688	679	680	681	682	682	683	683	684	684	685	685	686	686
729	684.099	1.74133	678	690	680	681	682	683	683	684	684	685	685	686	686	687	687
730	685.191	1.647797	679	689	682	682	683	684	684	685	685	686	686	687	687	688	688
731	686.035	1.783523	676	690	682	683	684	685	685	686	686	687	687	688	688	689	689
732	686.982	1.701344	680	691	683	684	685	686	686	687	687	688	688	688	689	690	690
733	687.999	1.699967	682	692	684	685	686	687	687	688	688	689	689	689	690	691	691
734	688.948	1.750531	676	693	685	686	687	688	688	689	689	689	690	690	691	692	692
735	689.97	1.7436	682	695	686	687	688	688	689	690	690	691	691	691	692	692	693
736	690.76	1.734765	683	695	687	688	689	689	690	690	691	691	692	692	693	693	694
737	691.79	1.718969	685	696	688	689	689	690	691	691	692	692	693	693	694	694	695
738	692.854	1.685683	686	697	689	690	691	691	692	693	693	693	694	694	695	695	696
739	693.9	1.672363	687	698	690	691	692	693	693	694	694	694	695	695	696	697	697
740	694.86	1.74512	687	699	691	692	693	693	694	695	695	695	696	696	697	698	698
741	695.797	1.718355	689	700	692	693	694	694	695	696	696	696	697	697	698	698	699
742	696.745	1.725385	691	701	693	694	695	695	696	696	697	697	698	698	699	699	700
743	697.715	1.684224	692	702	694	695	696	696	697	697	698	698	699	699	700	700	701
744	698.754	1.721176	692	703	695	696	697	697	698	698	699	699	700	700	701	701	702
745	699.69	1.744403	691	705	696	697	697	698	699	699	700	700	701	701	702	702	703
746	700.592	1.773889	694	705	697	697	698	699	700	700	701	701	702	702	703	703	704
747	701.577	1.719019	695	707	698	699	699	700	701	701	702	702	702	703	704	704	705
748	702.462	1.686832	696	707	699	699	700	701	702	702	703	703	703	704	705	705	705
749	703.567	1.701295	697	708	700	701	701	702	703	703	704	704	705	705	706	706	706
750	704.515	1.691933	698	709	701	702	702	703	704	704	705	705	705	706	707	707	707
751	705.443	1.69163	698	711	702	703	703	704	705	705	706	706	706	707	707	708	708
752	706.406	1.662507	701	711	703	704	704	705	706	706	707	707	707	708	708	709	709
753	707.461	1.7781	700	712	703	704	705	706	707	707	708	708	708	709	710	710	710
754	708.287	1.791603	701	713	704	705	706	707	708	708	708	709	709	710	710	711	711
755	709.23	1.793409	701	714	706	706	707	708	708	709	709	710	710	711	711	712	712
756	710.439	1.658623	701	714	707	708	708	709	710	710	710	711	711	712	713	713	713
757	711.28	1.691881	705	716	707	708	709	710	711	711	711	712	712	713	713	714	714
758	712.28	1.753475	706	717	708	709	710	711	712	712	712	713	713	714	714	715	715
759	713.154	1.741067	706	717	709	710	711	712	712	713	713	714	714	715	715	716	716
760	714.196	1.735683	707	719	710	711	712	713	713	714	714	715	715	716	716	717	717
761	715.22	1.693655	707	719	712	712	713	714	714	715	715	716	716	717	717	718	718
762	716.131	1.747825	709	720	712	713	714	715	715	716	716	717	717	718	718	719	719
763	717.122	1.757898	710	722	713	714	715	716	716	717	717	718	718	719	719	720	720
764	718.029	1.825237	711	723	714	715	716	717	717	718	718	719	719	720	720	721	721
765	719.085	1.788008	713	724	715	716	717	718	718	719	719	720	720	721	721	722	722
766	720.079	1.693407	714	725	716	717	718	719	719	720	720	721	721	721	722	723	723
767	720.988	1.763226	714	725	717	718	719	720	720	721	721	722	722	722	723	724	724
768	721.943	1.745508	715	726	718	719	720	721	721	722	722	722	723	723	724	725	725
769	722.967	1.692565	717	728	719	720	721	722	722	723	723	724	724	724	725	725	726
770	723.856	1.777758	717	728	720	721	721	722	723	724	724	724	725	725	726	726	727
771	724.75	1.736236	717	730	721	722	723	723	724	724	725	725	726	726	727	727	728
772	725.912	1.73703	718	730	722	723	724	725	725	726	726	726	727	727	728	728	729
773	726.807	1.711339	720	731	723	724	725	725	726	726	727	727	728	728	729	729	730
774	727.735	1.764621	721	732	724	725	726	726	727	727	728	728	729	729	730	730	731
775	728.756	1.757143	722	733	725	726	727	727	728	728	729	729	730	730	731	731	732
776	729.734	1.744215	724	735	726	727	727	728	729	730	730	730	731	731	732	732	733
777	730.77	1.708221	725	736	727	728	729	729	730	730	731	731	732	732	733	733	734
778	731.651	1.757922	725	736	728	728	729	730	731	731	732	732	733	733	734	734	735
779	732.605	1.779365	724	737	728	730	730	731	732	732	733	733	734	734	735	735	736
780	733.647	1.840048	725	738	730	731	731	732	733	733	734	734	735	735	736	736	737
781	734.594	1.779419	727	739	731	732	732	733	734	734	735	735	736	736	737	737	738
782	735.582	1.707686	729	740	732	733	733	734	735	735	736	736	737	737	738	738	738
783	736.572	1.738919	730	741	733	734	734	735	736	736	737	737	738	738	739	739	740
784	737.549	1.734534	732	742	733	735	735	736	737	737	738	738	739	739	740	740	740
785	738.433	1.739695	729	743	735	735	736	737	738	738	739	739	739	740	741	741	741
786	739.478	1.776139	733	744	736	736	737	738	739	739	740	740	740	741	742	742	743
787	740.375	1.771868	734	745	736	737	738	739	740	740	740	741	741	742	743	743	743
788	741.36	1.735919	735	746	737	738	739	740	741	741	741	742	742	743	743	744	744
789	742.365	1.735738	735	747	739	739	740	741	742	742	742	743	743	744	744	745	745
790	743.296	1.760535	738	748	739	740	741	742	742	743	743	744	744	745	745	746	746
791	744.173	1.766973	735	749	740	741	742	743	743	744	744	745	745	746	746	747	747
792	745.269	1.75947	739	750	741	742	743	744	744	745	745	746	746	747	747	748	748
793	746.304	1.805227	738	751	742	743	744	745	745	746	746	747	747	748	748	749	749
794	747.207	1.756484	741	752	743	744	745	746	746	747	747	748	748	749	749	750	750
795	748.206	1.759733	742	752	744	745	746	747	747	748	748	749	749	750	750	751	751
796	749.224	1.692539	741	754	746	746	747	748	748	749	749	750	750	751	751	752	752
797	750.1	1.720162	742	755	746	747	748	749	749	750	750	751	751	752	752	753	753
798	751.258	1.710076	745	756	747	748	749	750	751	751	751	752	752	753	753	754	754
799	752.107	1.71945	746	756	748	749	750	751	751	752	752	753	753	754	754	755	755
800	753.116	1.779807	747	758	749	750	751	752	752	753	753	754	754	755	755	756	756
801	753.964	1.766302	747	759	750	751	752	753	753	754	754	755	755	755	756	757	757
802	754.972	1.790649	747	759	751	752	753	753	754	755	755	756	756	756	757	758	758
803	756.013	1.668417	750	761	752	753	754	755	755	756	756	757	757	757	758	758	759
804	756.993	1.810035	750	762	752	754	755	756	756	757	757	758	758	759	759	760	760
805	757.927	1.733977	751	763	754	755	756	756	757	758	758	758	759	759	760	761	761
806	758.87	1.809523	752	763	755	756	756	757	758	759	759	760	760	760	761	761	762
807	759.97	1.819453	753	765	756	757	758	759	759	760	760	761	761	761	762	763	763
808	760.92	1.671644	754	766	757	758	759	760	760	760	761	761	762	762	763	764	764
809	761.83	1.764146	755	767	758	759	760	760	761	761	762	762	763	763	764	764	765
810	762.736	1.715589	756	767	759	760	761	761	762	762	763	763	764	764	765	765	766
811	763.776	1.784098	755	768	760	761	762	762	763	763	764	764	765	765	766	766	767
812	764.774	1.790008	757	769	761	762	763	763	764	764	765	765	766	766	767	767	768
813	765.838	1.819634	752	770	762	763	764	764	765	766	766	766	767	767	768	768	769
814	766.63	1.765848	758	772	763	764	764	765	766	766	767	767	768	768	769	769	770
815	767.583	1.861337	759	773	764	764	765	766	767	767	768	768	769	769	770	770	771
816	768.606	1.73948	762	773	765	766	766	767	768	768	769	769	770	770	771	771	772
817	769.628	1.76826	762	774	766	767	767	768	769	769	770	770	771	771	772	772	773
818	770.455	1.724224	764	775	767	768	768	769	770	770	770	771	771	772	773	773	773
819	771.505	1.833941	763	776	767	768	769	770	771	771	772	772	773	773	774	774	775
820	772.372	1.796342	763	777	768	769	770	771	772	772	773	773	773	774	774	775	775
821	773.43	1.708221	768	777	770	770	771	772	773	773	774	774	774	775	775	776	776
822	774.389	1.770541	768	779	770	771	772	773	774	774	775	775	775	776	777	777	777
823	775.365	1.80195	768	780	771	772	773	774	775	775	775	776	776	777	777	778	778
824	776.433	1.760287	768	782	773	773	774	775	776	776	777	777	777	778	779	779	779
825	777.459	1.737624	771	782	774	775	775	776	777	777	778	778	778	779	780	780	780
826	778.411	1.693797	771	783	774	775	776	777	778	778	779	779	779	780	780	781	781
827	779.316	1.811471	773	784	775	776	777	778	778	779	779	780	780	781	781	782	782
828	780.321	1.791415	772	786	776	777	778	779	780	780	780	781	781	782	782	783	783
829	781.225	1.825845	773	786	777	778	779	780	780	781	781	782	782	783	783	784	784
830	782.263	1.781855	774	787	778	779	780	781	781	782	782	783	783	784	784	785	785
831	783.15	1.796309	776	789	779	780	781	782	782	783	783	784	784	785	785	786	786
832	784.175	1.763373	777	789	780	781	782	783	783	784	784	785	785	786	786	787	787
833	785.154	1.810404	777	790	781	782	783	784	784	785	785	786	786	787	787	788	788
834	786.14	1.731877	780	791	782	783	784	785	785	786	786	787	787	788	788	789	789
835	787.093	1.774683	781	792	783	784	785	786	786	787	787	788	788	789	789	790	790
836	788.048	1.811899	780	793	784	785	786	787	787	788	788	789	789	789	790	791	791
837	789.133	1.784515	781	795	785	786	787	788	788	789	789	790	790	791	791	792	792
838	790.035	1.734585	783	795	786	787	788	789	789	790	790	791	791	791	792	793	793
839	790.797	1.827329	784	797	787	788	788	789	790	790	791	791	792	792	793	794	794
840	791.896	1.857049	784	797	788	789	789	790	791	792	792	792	793	793	794	795	795
841	792.895	1.738101	787	797	789	790	791	792	792	793	793	793	794	794	795	796	796
842	793.961	1.787365	787	798	790	791	792	792	793	794	794	794	795	795	796	797	797
843	794.849	1.800956	787	800	791	792	793	793	794	795	795	795	796	796	797	797	798
844	795.843	1.857364	790	801	792	793	793	794	795	796	796	796	797	797	798	799	799
845	796.867	1.767041	788	802	793	794	795	795	796	797	797	797	798	798	799	799	800
846	797.905	1.792537	791	802	794	795	796	796	797	798	798	798	799	799	800	801	801
847	798.784	1.814011	793	803	795	796	796	797	798	798	799	799	800	800	801	801	802
848	799.738	1.745395	793	805	796	797	797	798	799	799	800	800	801	801	802	802	803
849	800.737	1.816902	794	805	796	798	798	799	800	800	801	801	802	802	803	804	804
850	801.666	1.734778	795	806	798	799	799	800	801	801	802	802	803	803	804	804	805
851	802.627	1.815259	796	808	799	799	800	801	802	802	803	803	804	804	805	805	806
852	803.791	1.76591	793	808	800	801	801	802	803	804	804	804	805	805	806	806	807
853	804.651	1.778303	799	809	800	802	802	803	804	804	805	805	806	806	807	807	808
854	805.571	1.821064	799	810	801	802	803	804	805	805	806	806	807	807	808	808	808
855	806.538	1.811584	799	812	802	803	804	805	806	806	807	807	808	808	809	809	810
856	807.567	1.736239	801	812	803	805	805	806	807	807	808	808	809	809	810	810	811
857	808.484	1.865804	799	813	804	805	806	807	808	808	809	809	810	810	811	811	812
858	809.459	1.756532	803	814	806	806	807	808	809	809	810	810	810	811	812	812	812
859	810.418	1.772687	804	815	807	807	808	809	810	810	810	811	811	812	813	813	813
860	811.5	1.720162	805	816	808	809	809	810	811	811	812	812	812	813	814	814	814
861	812.363	1.748224	806	817	809	809	810	811	812	812	812	813	813	814	815	815	815
862	813.352	1.823025	804	818	809	810	811	812	812	813	813	814	814	815	815	816	816
863	814.359	1.792577	807	819	811	811	812	813	814	814	815	815	815	816	816	817	817
864	815.235	1.771698	807	820	811	812	813	814	814	815	815	816	816	817	817	818	818
865	816.328	1.820915	808	821	812	813	814	815	816	816	816	817	817	818	819	819	819
866	817.081	1.928252	810	822	813	814	815	815	816	817	817	818	818	819	819	820	820
867	818.236	1.730693	811	823	814	815	816	817	817	818	818	819	819	820	820	821	821
868	819.201	1.746897	811	824	815	816	817	818	818	819	819	820	820	821	821	822	822
869	820.189	1.811232	813	825	816	817	818	819	819	820	820	821	821	822	822	823	823
870	821.094	1.83917	815	825	817	818	819	820	820	821	821	822	822	823	823	824	824
871	822.042	1.802633	814	827	818	819	820	821	821	822	822	823	823	824	824	825	825
872	823.182	1.723324	817	828	819	820	821	822	822	823	823	824	824	825	825	826	826
873	824.1	1.764402	818	829	820	821	822	823	823	824	824	825	825	826	826	827	827
874	824.99	1.80365	817	830	821	822	823	824	824	825	825	826	826	826	827	828	828
875	826.001	1.73782	819	831	822	823	824	825	825	826	826	826	827	827	828	829	829
876	827.036	1.756072	820	832	823	824	825	826	826	827	827	828	828	829	829	830	830
877	827.945	1.747864	820	833	824	825	826	827	827	828	828	828	829	829	830	830	831
878	828.973	1.804862	822	834	825	826	827	827	828	829	829	829	830	830	831	832	832
879	829.86	1.811541	822	835	826	827	828	828	829	830	830	830	831	831	832	833	833
880	830.949	1.794887	824	835	827	828	829	830	830	831	831	831	832	832	833	834	834
881	831.781	1.794508	824	836	828	829	829	830	831	831	832	832	833	833	834	834	835
882	832.785	1.84287	825	839	829	830	830	831	832	832	833	833	834	834	835	835	836
883	833.859	1.795646	826	838	830	831	831	832	833	834	834	834	835	835	836	836	837
884	834.885	1.823486	829	839	831	832	832	833	834	835	835	835	836	836	837	838	838
885	835.684	1.815335	827	840	832	833	833	834	835	835	836	836	837	837	838	838	839
886	836.693	1.791636	830	841	833	834	834	835	836	836	837	837	838	838	839	839	840
887	837.801	1.837056	830	842	834	835	835	836	837	838	838	838	839	839	840	841	841
888	838.667	1.809803	832	845	835	836	836	837	838	838	839	839	840	840	841	841	842
889	839.677	1.762321	833	844	836	837	837	838	839	839	840	840	841	841	842	842	843
890	840.708	1.775919	832	845	837	838	839	839	840	840	841	841	842	842	843	843	844
891	841.575	1.788735	835	846	838	838	839	840	841	841	842	842	843	843	844	844	845
892	842.611	1.788541	836	848	838	840	840	841	842	842	843	843	844	844	845	845	846
893	843.597	1.822612	837	848	840	840	841	842	843	843	844	844	845	845	846	846	847
894	844.524	1.78174	837	849	841	841	842	843	844	844	845	845	846	846	847	847	847
895	845.32	1.856622	838	850	841	842	843	844	844	845	846	846	846	847	848	848	848
896	846.531	1.784439	840	852	843	843	844	845	846	846	847	847	847	848	849	849	850
897	847.368	1.809378	841	852	843	844	845	846	846	847	847	848	848	849	850	850	850
898	848.405	1.815012	840	854	844	845	846	847	848	848	848	849	849	850	851	851	851
899	849.374	1.818084	844	854	845	846	847	848	848	849	849	850	850	851	852	852	852
900	850.36	1.743399	843	856	847	847	848	849	850	850	851	851	851	852	852	853	853
901	851.358	1.791939	844	856	847	848	849	850	851	851	852	852	852	853	854	854	854
902	852.366	1.791439	844	857	849	849	850	851	851	852	852	853	853	854	855	855	856
903	853.287	1.832482	846	858	849	850	851	852	852	853	853	854	854	855	855	856	856
904	854.264	1.77467	848	859	850	851	852	853	854	854	854	855	855	856	856	857	857
905	855.181	1.814258	849	860	851	852	853	854	854	855	855	856	856	857	857	858	858
906	856.138	1.775981	849	861	852	853	854	855	855	856	856	857	857	858	858	859	859
907	857.255	1.793095	851	862	853	854	855	856	856	857	857	858	858	859	859	860	860
908	858.126	1.849742	852	864	854	855	856	857	857	858	858	859	859	860	860	861	861
909	859.152	1.827084	852	864	855	856	857	858	858	859	859	860	860	861	861	862	862
910	860.129	1.818149	853	865	856	857	858	859	859	860	860	861	861	862	862	863	863
911	861.123	1.75982	854	866	857	858	859	860	860	861	861	862	862	863	863	864	864
912	862.031	1.87231	855	867	858	859	860	861	861	862	862	863	863	864	864	865	865
913	862.991	1.881611	856	868	859	860	861	861	862	863	863	864	864	864	865	866	866
914	863.896	1.897046	855	869	860	861	861	862	863	864	864	865	865	866	866	867	867
915	864.966	1.847771	859	871	861	862	862	863	864	865	865	866	866	867	867	868	868
916	865.914	1.807172	858	871	862	863	864	864	865	866	866	866	867	867	868	869	869
917	866.961	1.786805	859	872	863	864	865	866	866	867	867	868	868	868	869	870	870
918	867.917	1.875534	861	873	864	865	866	866	867	868	868	868	869	869	870	871	871
919	868.859	1.769817	863	874	865	866	866	868	868	869	869	869	870	870	871	871	872
920	869.888	1.796297	864	875	866	867	867	868	869	870	870	870	871	871	872	873	873
921	870.832	1.836614	864	875	866	868	868	869	870	871	871	871	872	872	873	873	874
922	871.762	1.832133	866	877	868	869	869	870	871	871	872	872	873	873	874	874	875
923	872.862	1.803943	862	877	869	870	871	871	872	873	873	873	874	874	875	875	876
924	873.648	1.858911	866	879	870	870	871	872	873	873	874	874	875	875	876	876	877
925	874.657	1.863551	867	880	870	871	872	873	874	874	875	875	876	876	877	877	878
926	875.691	1.802989	869	881	872	873	873	874	875	875	876	876	877	877	878	878	879
927	876.681	1.827725	869	882	873	874	874	875	876	876	877	877	878	878	879	879	880
928	877.652	1.803926	870	882	873	875	875	876	877	877	878	878	879	879	880	880	881
929	878.535	1.887946	872	883	874	875	876	877	878	878	879	879	880	880	881	881	882
930	879.548	1.757494	874	885	876	877	877	878	879	879	880	880	881	881	882	882	883
931	880.477	1.905545	874	885	876	877	878	879	880	880	881	881	882	882	883	883	884
932	881.551	1.825029	873	887	877	878	879	880	881	881	882	882	883	883	884	884	885
933	882.515	1.773392	875	888	878	880	880	881	882	882	883	883	883	884	885	885	886
934	883.573	1.846098	877	889	879	880	881	882	883	883	884	884	885	885	886	886	887
935	884.443	1.927295	876	889	880	881	882	883	884	884	885	885	886	886	887	887	888
936	885.438	1.854615	877	891	881	882	883	884	885	885	886	886	886	887	888	888	889
937	886.452	1.784062	879	892	883	883	884	885	886	886	887	887	887	888	889	889	890
938	887.397	1.835418	881	892	883	884	885	886	887	887	887	888	888	889	890	890	890
939	888.437	1.776284	882	893	884	885	886	887	888	888	889	889	889	890	891	891	891
940	889.261	1.794463	883	894	885	886	887	888	888	889	889	890	890	891	891	892	892
941	890.303	1.906522	882	896	886	887	888	889	890	890	890	891	891	892	893	893	893
942	891.171	1.833882	884	897	887	888	889	890	890	891	891	892	892	893	893	894	894
943	892.086	1.850954	885	897	888	889	890	891	891	892	892	893	893	894	894	895	895
944	893.073	1.899284	884	898	889	890	891	892	892	893	893	894	894	895	895	896	896
945	894.101	1.882111	887	900	889	891	892	893	893	894	894	895	895	896	896	897	897
946	895.22	1.753475	890	900	891	892	893	894	894	895	895	896	896	897	897	898	898
947	896.108	1.837311	890	901	892	893	894	895	895	896	896	897	897	898	898	899	899
948	897.122	1.867245	889	902	893	894	895	896	896	897	897	898	898	899	899	900	900
949	898.008	1.850232	892	903	894	895	896	897	897	898	898	899	899	900	900	901	901
950	899.021	1.765127	892	904	895	896	897	898	898	899	899	900	900	900	901	902	902
951	900.054	1.77489	893	905	896	897	898	899	899	900	900	901	901	902	902	903	903
952	901.004	1.853488	895	907	897	898	899	899	900	901	901	902	902	903	903	904	904
953	902.012	1.829536	893	907	898	899	900	901	901	902	902	903	903	904	904	905	905
954	903.013	1.829803	896	907	899	900	901	901	902	903	903	904	904	905	905	906	906
955	903.961	1.909745	896	910	899	901	901	903	903	904	904	905	905	906	906	907	907
956	904.847	1.82563	897	910	901	902	902	903	904	905	905	905	906	906	907	908	908
957	905.992	1.866392	900	911	902	903	904	905	905	906	906	907	907	908	908	909	909
958	906.956	1.763285	901	912	903	904	905	906	906	907	907	907	908	908	909	910	910
959	907.706	1.868437	901	912	903	904	905	906	907	907	908	908	909	909	910	911	911
960	908.746	1.805199	902	913	905	906	906	907	908	908	909	909	910	910	911	912	912
961	909.676	1.835863	902	916	906	907	907	908	909	909	910	910	911	911	912	913	913
962	910.647	1.896309	903	915	906	907	908	909	910	910	911	911	912	912	913	913	914
963	911.805	1.727993	905	916	908	909	910	911	911	912	912	912	913	913	914	914	915
964	912.715	1.903523	906	918	908	909	910	911	912	912	913	913	914	914	915	916	916
965	913.683	1.815987	903	918	909	911	911	912	913	913	914	914	915	915	916	916	917
966	914.592	1.852827	908	920	911	911	912	913	914	914	915	915	916	916	917	917	918
967	915.568	1.805169	909	921	912	913	913	914	915	915	916	916	916	917	918	918	919
968	916.594	1.846774	910	922	913	914	914	915	916	916	917	917	918	918	919	919	920
969	917.577	1.879788	910	922	913	914	915	916	917	917	918	918	919	919	920	920	921
970	918.511	1.807525	912	923	915	915	916	917	918	918	919	919	920	920	921	921	922
971	919.517	1.796925	912	925	916	917	917	918	919	919	920	920	920	921	922	922	923
972	920.543	1.909397	914	925	916	917	918	919	920	920	921	921	922	922	923	923	924
973	921.473	1.77776	916	927	918	918	919	920	921	921	922	922	922	923	924	924	925
974	922.415	1.797221	915	928	918	919	920	921	922	922	923	923	923	924	925	925	925
975	923.371	1.858174	915	928	919	920	921	922	923	923	924	924	924	925	926	926	926
976	924.391	1.745613	917	929	920	921	922	923	924	924	925	925	925	926	926	927	927
977	925.343	1.823369	918	930	921	922	923	924	924	925	925	926	926	927	928	928	928
978	926.403	1.855811	917	931	922	923	924	925	926	926	927	927	927	928	929	929	929
979	927.288	1.835327	919	932	923	924	925	926	926	927	927	928	928	929	930	930	930
980	928.307	1.799997	922	932	924	925	926	927	927	928	928	929	929	930	930	931	931
981	929.272	1.821355	923	934	925	926	927	928	928	929	929	930	930	931	932	932	932
982	930.25	1.809081	922	935	926	927	928	929	930	930	930	931	931	932	932	933	933
983	931.159	1.84367	922	937	927	928	929	930	930	931	931	932	932	933	933	934	934
984	932.121	1.845471	925	937	928	929	930	931	931	932	932	933	933	934	934	935	935
985	933.136	1.876973	927	938	929	930	931	932	932	933	933	934	934	935	935	936	936
986	934.145	1.853486	928	939	930	931	932	933	933	934	934	935	935	936	936	937	937
987	935.066	1.850694	928	940	931	932	933	934	934	935	935	936	936	937	937	938	938
988	936.186	1.769897	930	942	932	933	934	935	935	936	936	937	937	938	938	939	939
989	937.034	1.791662	930	942	933	934	935	936	936	937	937	938	938	939	939	940	940
990	938.065	1.824858	931	944	934	935	936	937	937	938	938	939	939	940	940	941	941
991	939.048	1.854491	931	943	935	936	937	938	938	939	939	940	940	941	941	942	942
992	939.894	1.901678	932	945	936	937	938	938	939	940	940	940	941	941	942	943	943
993	941.046	1.821868	934	946	937	938	939	940	940	941	941	942	942	942	943	944	944
994	941.97	1.865095	934	947	938	939	939	941	941	942	942	943	943	944	944	945	945
995	942.935	1.833067	935	947	939	940	941	942	942	943	943	943	944	944	945	946	946
996	943.847	1.829464	937	949	940	941	941	942	943	943	944	944	945	945	946	947	947
997	944.875	1.817327	939	949	941	942	942	944	944	945	945	945	946	946	947	948	948
998	945.861	1.90665	939	951	941	942	943	944	945	946	946	946	947	947	948	949	949
999	946.837	1.822018	939	951	943	944	944	945	946	946	947	947	948	948	949	950	950
1000	947.8	1.819151	942	952	944	945	945	946	947	947	948	948	949	949	950	951	951